1 1 0
1.000000  -25.389100
1.010000  -25.385190
1.020000  -25.381280
1.030000  -25.377370
1.040000  -25.373460
1.050000  -25.369550
1.060000  -25.365640
1.070000  -25.361730
1.080000  -25.357820
1.090000  -25.353910
1.100000  -25.350000
1.110000  -25.346100
1.120000  -25.342200
1.130000  -25.338300
1.140000  -25.334400
1.150000  -25.330500
1.160000  -25.326600
1.170000  -25.322700
1.180000  -25.318800
1.190000  -25.314900
1.200000  -25.311000
1.210000  -25.307140
1.220000  -25.303280
1.230000  -25.299420
1.240000  -25.295560
1.250000  -25.291700
1.260000  -25.287840
1.270000  -25.283980
1.280000  -25.280120
1.290000  -25.276260
1.300000  -25.272400
1.310000  -25.268550
1.320000  -25.264700
1.330000  -25.260850
1.340000  -25.257000
1.350000  -25.253150
1.360000  -25.249300
1.370000  -25.245450
1.380000  -25.241600
1.390000  -25.237750
1.400000  -25.233900
1.410000  -25.230110
1.420000  -25.226320
1.430000  -25.222530
1.440000  -25.218740
1.450000  -25.214950
1.460000  -25.211160
1.470000  -25.207370
1.480000  -25.203580
1.490000  -25.199790
1.500000  -25.196000
1.510000  -25.192200
1.520000  -25.188400
1.530000  -25.184600
1.540000  -25.180800
1.550000  -25.177000
1.560000  -25.173200
1.570000  -25.169400
1.580000  -25.165600
1.590000  -25.161800
1.600000  -25.158000
1.610000  -25.154270
1.620000  -25.150540
1.630000  -25.146810
1.640000  -25.143080
1.650000  -25.139350
1.660000  -25.135620
1.670000  -25.131890
1.680000  -25.128160
1.690000  -25.124430
1.700000  -25.120700
1.710000  -25.116960
1.720000  -25.113220
1.730000  -25.109480
1.740000  -25.105740
1.750000  -25.102000
1.760000  -25.098260
1.770000  -25.094520
1.780000  -25.090780
1.790000  -25.087040
1.800000  -25.083300
1.810000  -25.079640
1.820000  -25.075980
1.830000  -25.072320
1.840000  -25.068660
1.850000  -25.065000
1.860000  -25.061340
1.870000  -25.057680
1.880000  -25.054020
1.890000  -25.050360
1.900000  -25.046700
1.910000  -25.043030
1.920000  -25.039360
1.930000  -25.035690
1.940000  -25.032020
1.950000  -25.028350
1.960000  -25.024680
1.970000  -25.021010
1.980000  -25.017340
1.990000  -25.013670
2.000000  -25.010000
2.010000  -25.006410
2.020000  -25.002820
2.030000  -24.999230
2.040000  -24.995640
2.050000  -24.992050
2.060000  -24.988460
2.070000  -24.984870
2.080000  -24.981280
2.090000  -24.977690
2.100000  -24.974100
2.110000  -24.970500
2.120000  -24.966900
2.130000  -24.963300
2.140000  -24.959700
2.150000  -24.956100
2.160000  -24.952500
2.170000  -24.948900
2.180000  -24.945300
2.190000  -24.941700
2.200000  -24.938100
2.210000  -24.934590
2.220000  -24.931080
2.230000  -24.927570
2.240000  -24.924060
2.250000  -24.920550
2.260000  -24.917040
2.270000  -24.913530
2.280000  -24.910020
2.290000  -24.906510
2.300000  -24.903000
2.310000  -24.899480
2.320000  -24.895960
2.330000  -24.892440
2.340000  -24.888920
2.350000  -24.885400
2.360000  -24.881880
2.370000  -24.878360
2.380000  -24.874840
2.390000  -24.871320
2.400000  -24.867800
2.410000  -24.864390
2.420000  -24.860980
2.430000  -24.857570
2.440000  -24.854160
2.450000  -24.850750
2.460000  -24.847340
2.470000  -24.843930
2.480000  -24.840520
2.490000  -24.837110
2.500000  -24.833700
2.510000  -24.830280
2.520000  -24.826860
2.530000  -24.823440
2.540000  -24.820020
2.550000  -24.816600
2.560000  -24.813180
2.570000  -24.809760
2.580000  -24.806340
2.590000  -24.802920
2.600000  -24.799500
2.610000  -24.796180
2.620000  -24.792860
2.630000  -24.789540
2.640000  -24.786220
2.650000  -24.782900
2.660000  -24.779580
2.670000  -24.776260
2.680000  -24.772940
2.690000  -24.769620
2.700000  -24.766300
2.710000  -24.762970
2.720000  -24.759640
2.730000  -24.756310
2.740000  -24.752980
2.750000  -24.749650
2.760000  -24.746320
2.770000  -24.742990
2.780000  -24.739660
2.790000  -24.736330
2.800000  -24.733000
2.810000  -24.729780
2.820000  -24.726560
2.830000  -24.723340
2.840000  -24.720120
2.850000  -24.716900
2.860000  -24.713680
2.870000  -24.710460
2.880000  -24.707240
2.890000  -24.704020
2.900000  -24.700800
2.910000  -24.697550
2.920000  -24.694300
2.930000  -24.691050
2.940000  -24.687800
2.950000  -24.684550
2.960000  -24.681300
2.970000  -24.678050
2.980000  -24.674800
2.990000  -24.671550
3.000000  -24.668300
3.010000  -24.665200
3.020000  -24.662100
3.030000  -24.659000
3.040000  -24.655900
3.050000  -24.652800
3.060000  -24.649700
3.070000  -24.646600
3.080000  -24.643500
3.090000  -24.640400
3.100000  -24.637300
3.110000  -24.634150
3.120000  -24.631000
3.130000  -24.627850
3.140000  -24.624700
3.150000  -24.621550
3.160000  -24.618400
3.170000  -24.615250
3.180000  -24.612100
3.190000  -24.608950
3.200000  -24.605800
3.210000  -24.602820
3.220000  -24.599840
3.230000  -24.596860
3.240000  -24.593880
3.250000  -24.590900
3.260000  -24.587920
3.270000  -24.584940
3.280000  -24.581960
3.290000  -24.578980
3.300000  -24.576000
3.310000  -24.572980
3.320000  -24.569960
3.330000  -24.566940
3.340000  -24.563920
3.350000  -24.560900
3.360000  -24.557880
3.370000  -24.554860
3.380000  -24.551840
3.390000  -24.548820
3.400000  -24.545800
3.410000  -24.542930
3.420000  -24.540060
3.430000  -24.537190
3.440000  -24.534320
3.450000  -24.531450
3.460000  -24.528580
3.470000  -24.525710
3.480000  -24.522840
3.490000  -24.519970
3.500000  -24.517100
3.510000  -24.514180
3.520000  -24.511260
3.530000  -24.508340
3.540000  -24.505420
3.550000  -24.502500
3.560000  -24.499580
3.570000  -24.496660
3.580000  -24.493740
3.590000  -24.490820
3.600000  -24.487900
3.610000  -24.485140
3.620000  -24.482380
3.630000  -24.479620
3.640000  -24.476860
3.650000  -24.474100
3.660000  -24.471340
3.670000  -24.468580
3.680000  -24.465820
3.690000  -24.463060
3.700000  -24.460300
3.710000  -24.457460
3.720000  -24.454620
3.730000  -24.451780
3.740000  -24.448940
3.750000  -24.446100
3.760000  -24.443260
3.770000  -24.440420
3.780000  -24.437580
3.790000  -24.434740
3.800000  -24.431900
3.810000  -24.429220
3.820000  -24.426540
3.830000  -24.423860
3.840000  -24.421180
3.850000  -24.418500
3.860000  -24.415820
3.870000  -24.413140
3.880000  -24.410460
3.890000  -24.407780
3.900000  -24.405100
3.910000  -24.402300
3.920000  -24.399500
3.930000  -24.396700
3.940000  -24.393900
3.950000  -24.391100
3.960000  -24.388300
3.970000  -24.385500
3.980000  -24.382700
3.990000  -24.379900
4.000000  -24.377100
4.010000  -24.374450
4.020000  -24.371800
4.030000  -24.369150
4.040000  -24.366500
4.050000  -24.363850
4.060000  -24.361200
4.070000  -24.358550
4.080000  -24.355900
4.090000  -24.353250
4.100000  -24.350600
4.110000  -24.347790
4.120000  -24.344980
4.130000  -24.342170
4.140000  -24.339360
4.150000  -24.336550
4.160000  -24.333740
4.170000  -24.330930
4.180000  -24.328120
4.190000  -24.325310
4.200000  -24.322500
4.210000  -24.319810
4.220000  -24.317120
4.230000  -24.314430
4.240000  -24.311740
4.250000  -24.309050
4.260000  -24.306360
4.270000  -24.303670
4.280000  -24.300980
4.290000  -24.298290
4.300000  -24.295600
4.310000  -24.292720
4.320000  -24.289840
4.330000  -24.286960
4.340000  -24.284080
4.350000  -24.281200
4.360000  -24.278320
4.370000  -24.275440
4.380000  -24.272560
4.390000  -24.269680
4.400000  -24.266800
4.410000  -24.263980
4.420000  -24.261160
4.430000  -24.258340
4.440000  -24.255520
4.450000  -24.252700
4.460000  -24.249880
4.470000  -24.247060
4.480000  -24.244240
4.490000  -24.241420
4.500000  -24.238600
4.510000  -24.235560
4.520000  -24.232520
4.530000  -24.229480
4.540000  -24.226440
4.550000  -24.223400
4.560000  -24.220360
4.570000  -24.217320
4.580000  -24.214280
4.590000  -24.211240
4.600000  -24.208200
4.610000  -24.205190
4.620000  -24.202180
4.630000  -24.199170
4.640000  -24.196160
4.650000  -24.193150
4.660000  -24.190140
4.670000  -24.187130
4.680000  -24.184120
4.690000  -24.181110
4.700000  -24.178100
4.710000  -24.174840
4.720000  -24.171580
4.730000  -24.168320
4.740000  -24.165060
4.750000  -24.161800
4.760000  -24.158540
4.770000  -24.155280
4.780000  -24.152020
4.790000  -24.148760
4.800000  -24.145500
4.810000  -24.142250
4.820000  -24.139000
4.830000  -24.135750
4.840000  -24.132500
4.850000  -24.129250
4.860000  -24.126000
4.870000  -24.122750
4.880000  -24.119500
4.890000  -24.116250
4.900000  -24.113000
4.910000  -24.109490
4.920000  -24.105980
4.930000  -24.102470
4.940000  -24.098960
4.950000  -24.095450
4.960000  -24.091940
4.970000  -24.088430
4.980000  -24.084920
4.990000  -24.081410
5.000000  -24.077900
5.010000  -24.074380
5.020000  -24.070860
5.030000  -24.067340
5.040000  -24.063820
5.050000  -24.060300
5.060000  -24.056780
5.070000  -24.053260
5.080000  -24.049740
5.090000  -24.046220
5.100000  -24.042700
5.110000  -24.038950
5.120000  -24.035200
5.130000  -24.031450
5.140000  -24.027700
5.150000  -24.023950
5.160000  -24.020200
5.170000  -24.016450
5.180000  -24.012700
5.190000  -24.008950
5.200000  -24.005200
5.210000  -24.001470
5.220000  -23.997740
5.230000  -23.994010
5.240000  -23.990280
5.250000  -23.986550
5.260000  -23.982820
5.270000  -23.979090
5.280000  -23.975360
5.290000  -23.971630
5.300000  -23.967900
5.310000  -23.963960
5.320000  -23.960020
5.330000  -23.956080
5.340000  -23.952140
5.350000  -23.948200
5.360000  -23.944260
5.370000  -23.940320
5.380000  -23.936380
5.390000  -23.932440
5.400000  -23.928500
5.410000  -23.924570
5.420000  -23.920640
5.430000  -23.916710
5.440000  -23.912780
5.450000  -23.908850
5.460000  -23.904920
5.470000  -23.900990
5.480000  -23.897060
5.490000  -23.893130
5.500000  -23.889200
5.510000  -23.885100
5.520000  -23.881000
5.530000  -23.876900
5.540000  -23.872800
5.550000  -23.868700
5.560000  -23.864600
5.570000  -23.860500
5.580000  -23.856400
5.590000  -23.852300
5.600000  -23.848200
5.610000  -23.844150
5.620000  -23.840100
5.630000  -23.836050
5.640000  -23.832000
5.650000  -23.827950
5.660000  -23.823900
5.670000  -23.819850
5.680000  -23.815800
5.690000  -23.811750
5.700000  -23.807700
5.710000  -23.803520
5.720000  -23.799340
5.730000  -23.795160
5.740000  -23.790980
5.750000  -23.786800
5.760000  -23.782620
5.770000  -23.778440
5.780000  -23.774260
5.790000  -23.770080
5.800000  -23.765900
5.810000  -23.761780
5.820000  -23.757660
5.830000  -23.753540
5.840000  -23.749420
5.850000  -23.745300
5.860000  -23.741180
5.870000  -23.737060
5.880000  -23.732940
5.890000  -23.728820
5.900000  -23.724700
5.910000  -23.720480
5.920000  -23.716260
5.930000  -23.712040
5.940000  -23.707820
5.950000  -23.703600
5.960000  -23.699380
5.970000  -23.695160
5.980000  -23.690940
5.990000  -23.686720
6.000000  -23.682500
6.010000  -23.678310
6.020000  -23.674120
6.030000  -23.669930
6.040000  -23.665740
6.050000  -23.661550
6.060000  -23.657360
6.070000  -23.653170
6.080000  -23.648980
6.090000  -23.644790
6.100000  -23.640600
6.110000  -23.636340
6.120000  -23.632080
6.130000  -23.627820
6.140000  -23.623560
6.150000  -23.619300
6.160000  -23.615040
6.170000  -23.610780
6.180000  -23.606520
6.190000  -23.602260
6.200000  -23.598000
6.210000  -23.593770
6.220000  -23.589540
6.230000  -23.585310
6.240000  -23.581080
6.250000  -23.576850
6.260000  -23.572620
6.270000  -23.568390
6.280000  -23.564160
6.290000  -23.559930
6.300000  -23.555700
6.310000  -23.551410
6.320000  -23.547120
6.330000  -23.542830
6.340000  -23.538540
6.350000  -23.534250
6.360000  -23.529960
6.370000  -23.525670
6.380000  -23.521380
6.390000  -23.517090
6.400000  -23.512800
6.410000  -23.508530
6.420000  -23.504260
6.430000  -23.499990
6.440000  -23.495720
6.450000  -23.491450
6.460000  -23.487180
6.470000  -23.482910
6.480000  -23.478640
6.490000  -23.474370
6.500000  -23.470100
6.510000  -23.465800
6.520000  -23.461500
6.530000  -23.457200
6.540000  -23.452900
6.550000  -23.448600
6.560000  -23.444300
6.570000  -23.440000
6.580000  -23.435700
6.590000  -23.431400
6.600000  -23.427100
6.610000  -23.422740
6.620000  -23.418380
6.630000  -23.414020
6.640000  -23.409660
6.650000  -23.405300
6.660000  -23.400940
6.670000  -23.396580
6.680000  -23.392220
6.690000  -23.387860
6.700000  -23.383500
6.710000  -23.379110
6.720000  -23.374720
6.730000  -23.370330
6.740000  -23.365940
6.750000  -23.361550
6.760000  -23.357160
6.770000  -23.352770
6.780000  -23.348380
6.790000  -23.343990
6.800000  -23.339600
6.810000  -23.335180
6.820000  -23.330760
6.830000  -23.326340
6.840000  -23.321920
6.850000  -23.317500
6.860000  -23.313080
6.870000  -23.308660
6.880000  -23.304240
6.890000  -23.299820
6.900000  -23.295400
6.910000  -23.290970
6.920000  -23.286540
6.930000  -23.282110
6.940000  -23.277680
6.950000  -23.273250
6.960000  -23.268820
6.970000  -23.264390
6.980000  -23.259960
6.990000  -23.255530
7.000000  -23.251100
7.010000  -23.246650
7.020000  -23.242200
7.030000  -23.237750
7.040000  -23.233300
7.050000  -23.228850
7.060000  -23.224400
7.070000  -23.219950
7.080000  -23.215500
7.090000  -23.211050
7.100000  -23.206600
7.110000  -23.202150
7.120000  -23.197700
7.130000  -23.193250
7.140000  -23.188800
7.150000  -23.184350
7.160000  -23.179900
7.170000  -23.175450
7.180000  -23.171000
7.190000  -23.166550
7.200000  -23.162100
7.210000  -23.157640
7.220000  -23.153180
7.230000  -23.148720
7.240000  -23.144260
7.250000  -23.139800
7.260000  -23.135340
7.270000  -23.130880
7.280000  -23.126420
7.290000  -23.121960
7.300000  -23.117500
7.310000  -23.113040
7.320000  -23.108580
7.330000  -23.104120
7.340000  -23.099660
7.350000  -23.095200
7.360000  -23.090740
7.370000  -23.086280
7.380000  -23.081820
7.390000  -23.077360
7.400000  -23.072900
7.410000  -23.068430
7.420000  -23.063960
7.430000  -23.059490
7.440000  -23.055020
7.450000  -23.050550
7.460000  -23.046080
7.470000  -23.041610
7.480000  -23.037140
7.490000  -23.032670
7.500000  -23.028200
7.510000  -23.023730
7.520000  -23.019260
7.530000  -23.014790
7.540000  -23.010320
7.550000  -23.005850
7.560000  -23.001380
7.570000  -22.996910
7.580000  -22.992440
7.590000  -22.987970
7.600000  -22.983500
7.610000  -22.979020
7.620000  -22.974540
7.630000  -22.970060
7.640000  -22.965580
7.650000  -22.961100
7.660000  -22.956620
7.670000  -22.952140
7.680000  -22.947660
7.690000  -22.943180
7.700000  -22.938700
7.710000  -22.934230
7.720000  -22.929760
7.730000  -22.925290
7.740000  -22.920820
7.750000  -22.916350
7.760000  -22.911880
7.770000  -22.907410
7.780000  -22.902940
7.790000  -22.898470
7.800000  -22.894000
7.810000  -22.889520
7.820000  -22.885040
7.830000  -22.880560
7.840000  -22.876080
7.850000  -22.871600
7.860000  -22.867120
7.870000  -22.862640
7.880000  -22.858160
7.890000  -22.853680
7.900000  -22.849200
7.910000  -22.844730
7.920000  -22.840260
7.930000  -22.835790
7.940000  -22.831320
7.950000  -22.826850
7.960000  -22.822380
7.970000  -22.817910
7.980000  -22.813440
7.990000  -22.808970
8.000000  -22.804500
8.010000  -22.800020
8.020000  -22.795540
8.030000  -22.791060
8.040000  -22.786580
8.050000  -22.782100
8.060000  -22.777620
8.070000  -22.773140
8.080000  -22.768660
8.090000  -22.764180
8.100000  -22.759700
8.110000  -22.755220
8.120000  -22.750740
8.130000  -22.746260
8.140000  -22.741780
8.150000  -22.737300
8.160000  -22.732820
8.170000  -22.728340
8.180000  -22.723860
8.190000  -22.719380
8.200000  -22.714900
8.210000  -22.710420
8.220000  -22.705940
8.230000  -22.701460
8.240000  -22.696980
8.250000  -22.692500
8.260000  -22.688020
8.270000  -22.683540
8.280000  -22.679060
8.290000  -22.674580
8.300000  -22.670100
8.310000  -22.665620
8.320000  -22.661140
8.330000  -22.656660
8.340000  -22.652180
8.350000  -22.647700
8.360000  -22.643220
8.370000  -22.638740
8.380000  -22.634260
8.390000  -22.629780
8.400000  -22.625300
8.410000  -22.620820
8.420000  -22.616340
8.430000  -22.611860
8.440000  -22.607380
8.450000  -22.602900
8.460000  -22.598420
8.470000  -22.593940
8.480000  -22.589460
8.490000  -22.584980
8.500000  -22.580500
8.510000  -22.576020
8.520000  -22.571540
8.530000  -22.567060
8.540000  -22.562580
8.550000  -22.558100
8.560000  -22.553620
8.570000  -22.549140
8.580000  -22.544660
8.590000  -22.540180
8.600000  -22.535700
8.610000  -22.531220
8.620000  -22.526740
8.630000  -22.522260
8.640000  -22.517780
8.650000  -22.513300
8.660000  -22.508820
8.670000  -22.504340
8.680000  -22.499860
8.690000  -22.495380
8.700000  -22.490900
8.710000  -22.486420
8.720000  -22.481940
8.730000  -22.477460
8.740000  -22.472980
8.750000  -22.468500
8.760000  -22.464020
8.770000  -22.459540
8.780000  -22.455060
8.790000  -22.450580
8.800000  -22.446100
8.810000  -22.441620
8.820000  -22.437140
8.830000  -22.432660
8.840000  -22.428180
8.850000  -22.423700
8.860000  -22.419220
8.870000  -22.414740
8.880000  -22.410260
8.890000  -22.405780
8.900000  -22.401300
8.910000  -22.396820
8.920000  -22.392340
8.930000  -22.387860
8.940000  -22.383380
8.950000  -22.378900
8.960000  -22.374420
8.970000  -22.369940
8.980000  -22.365460
8.990000  -22.360980
9.000000  -22.356500
