 1.5430E+20  1.2493E-06  1.0000E+00  6.1423E+04  1.0870E-03  1.9516E-09  3.1864E-04  9.9968E-01
 4.6290E+20  1.1064E-05  9.9999E-01  4.7156E+04  1.0870E-03  1.0077E-07  2.7871E-03  9.9721E-01
 7.7150E+20  3.9935E-05  9.9996E-01  3.7271E+04  1.0870E-03  9.9727E-07  9.1598E-03  9.9084E-01
 1.0801E+21  9.8145E-05  9.9990E-01  3.1381E+04  1.0870E-03  3.1794E-06  2.0300E-02  9.7970E-01
 1.3887E+21  1.8869E-04  9.9981E-01  2.7961E+04  1.0870E-03  1.0654E-05  3.6124E-02  9.6387E-01
 1.6973E+21  3.2344E-04  9.9968E-01  2.5344E+04  1.0870E-03  2.8483E-05  5.7125E-02  9.4285E-01
 2.0059E+21  4.9706E-04  9.9950E-01  2.3653E+04  1.0870E-03  6.2573E-05  8.1893E-02  9.1804E-01
 2.3145E+21  7.2295E-04  9.9928E-01  2.2274E+04  1.0870E-03  1.2302E-04  1.1078E-01  8.8910E-01
 2.6231E+21  1.0005E-03  9.9900E-01  2.1113E+04  1.0870E-03  2.2146E-04  1.4339E-01  8.5639E-01
 2.9317E+21  1.3419E-03  9.9866E-01  2.0101E+04  1.0870E-03  3.6832E-04  1.7846E-01  8.2117E-01
 3.2403E+21  1.7318E-03  9.9827E-01  1.9363E+04  1.0870E-03  5.7085E-04  2.1464E-01  7.8479E-01
 3.5489E+21  2.1889E-03  9.9781E-01  1.8722E+04  1.0870E-03  8.5046E-04  2.5299E-01  7.4616E-01
 3.8575E+21  2.7113E-03  9.9729E-01  1.8147E+04  1.0870E-03  1.2141E-03  2.9136E-01  7.0742E-01
 4.1661E+21  3.3020E-03  9.9670E-01  1.7622E+04  1.0870E-03  1.6734E-03  3.2977E-01  6.6856E-01
 4.4747E+21  3.9717E-03  9.9603E-01  1.7140E+04  1.0870E-03  2.2459E-03  3.6775E-01  6.3000E-01
 4.7833E+21  4.7368E-03  9.9526E-01  1.6688E+04  1.0870E-03  2.9536E-03  4.0638E-01  5.9067E-01
 5.0919E+21  5.5812E-03  9.9442E-01  1.6276E+04  1.0870E-03  3.7886E-03  4.4277E-01  5.5345E-01
 5.4005E+21  6.5260E-03  9.9347E-01  1.5885E+04  1.0870E-03  4.7833E-03  4.7889E-01  5.1632E-01
 5.7091E+21  7.5471E-03  9.9245E-01  1.5588E+04  1.0870E-03  5.8689E-03  5.1053E-01  4.8360E-01
 6.0177E+21  8.6396E-03  9.9136E-01  1.5317E+04  1.0870E-03  7.1390E-03  5.4269E-01  4.5017E-01
 6.3263E+21  9.8015E-03  9.9020E-01  1.5071E+04  1.0870E-03  8.5552E-03  5.7255E-01  4.1889E-01
 6.6349E+21  1.1231E-02  9.8877E-01  1.4818E+04  1.0870E-03  1.0159E-02  6.0036E-01  3.8948E-01
 6.9435E+21  1.2516E-02  9.8748E-01  1.4602E+04  1.0870E-03  1.1848E-02  6.2595E-01  3.6220E-01
 7.2521E+21  1.4221E-02  9.8578E-01  1.4374E+04  1.0870E-03  1.3821E-02  6.5004E-01  3.3613E-01
 7.5607E+21  1.5899E-02  9.8410E-01  1.4172E+04  1.0870E-03  1.5876E-02  6.7254E-01  3.1159E-01
 7.8693E+21  1.7737E-02  9.8226E-01  1.3972E+04  1.0870E-03  1.8224E-02  6.9376E-01  2.8801E-01
 8.1779E+21  1.9885E-02  9.8011E-01  1.3783E+04  1.0870E-03  2.0669E-02  7.1246E-01  2.6687E-01
 8.4865E+21  2.2229E-02  9.7777E-01  1.3597E+04  1.0870E-03  2.3258E-02  7.2810E-01  2.4864E-01
 8.7951E+21  2.4552E-02  9.7545E-01  1.3431E+04  1.0870E-03  2.6144E-02  7.4402E-01  2.2983E-01
 9.1037E+21  2.7322E-02  9.7268E-01  1.3256E+04  1.0870E-03  2.9345E-02  7.5960E-01  2.1105E-01
 9.4123E+21  3.0354E-02  9.6965E-01  1.3101E+04  1.0870E-03  3.2366E-02  7.6992E-01  1.9771E-01
 9.7209E+21  3.3780E-02  9.6622E-01  1.2939E+04  1.0870E-03  3.6016E-02  7.8212E-01  1.8186E-01
 1.0030E+22  3.7564E-02  9.6244E-01  1.2781E+04  1.0870E-03  3.9771E-02  7.9208E-01  1.6815E-01
 1.0338E+22  4.1737E-02  9.5826E-01  1.2639E+04  1.0870E-03  4.3615E-02  7.9961E-01  1.5678E-01
 1.0647E+22  4.6433E-02  9.5357E-01  1.2503E+04  1.0870E-03  4.8027E-02  8.0821E-01  1.4376E-01
 1.0955E+22  5.1562E-02  9.4844E-01  1.2395E+04  1.0870E-03  5.2155E-02  8.1265E-01  1.3519E-01
 1.1264E+22  5.7433E-02  9.4257E-01  1.2283E+04  1.0870E-03  5.7098E-02  8.1907E-01  1.2383E-01
 1.1573E+22  6.4011E-02  9.3599E-01  1.2173E+04  1.0870E-03  6.1755E-02  8.2172E-01  1.1653E-01
 1.1881E+22  7.1567E-02  9.2843E-01  1.2063E+04  1.0870E-03  6.7228E-02  8.2557E-01  1.0720E-01
 1.2190E+22  8.0093E-02  9.1991E-01  1.1958E+04  1.0870E-03  7.2630E-02  8.2712E-01  1.0025E-01
 1.2498E+22  8.9994E-02  9.1001E-01  1.1847E+04  1.0870E-03  7.8486E-02  8.2815E-01  9.3369E-02
 1.2807E+22  1.0139E-01  8.9861E-01  1.1748E+04  1.0870E-03  8.5024E-02  8.2869E-01  8.6288E-02
 1.3116E+22  1.1476E-01  8.8524E-01  1.1640E+04  1.0870E-03  9.2651E-02  8.2579E-01  8.1555E-02
 1.3424E+22  1.3040E-01  8.6960E-01  1.1535E+04  1.0870E-03  1.0161E-01  8.2350E-01  7.4890E-02
 1.3733E+22  1.4828E-01  8.5172E-01  1.1437E+04  1.0870E-03  1.1026E-01  8.1893E-01  7.0809E-02
 1.4041E+22  1.6908E-01  8.3092E-01  1.1329E+04  1.0870E-03  1.1981E-01  8.1395E-01  6.6241E-02
 1.4350E+22  1.9285E-01  8.0715E-01  1.1230E+04  1.0870E-03  1.3002E-01  8.0840E-01  6.1581E-02
 1.4659E+22  2.1966E-01  7.8034E-01  1.1129E+04  1.0870E-03  1.3988E-01  8.0110E-01  5.9020E-02
 1.4967E+22  2.4982E-01  7.5018E-01  1.1030E+04  1.0870E-03  1.5086E-01  7.9375E-01  5.5382E-02
 1.5276E+22  2.8282E-01  7.1718E-01  1.0933E+04  1.0870E-03  1.6199E-01  7.8557E-01  5.2438E-02
 1.5584E+22  3.1824E-01  6.8176E-01  1.0837E+04  1.0870E-03  1.7289E-01  7.7637E-01  5.0739E-02
 1.5893E+22  3.5603E-01  6.4397E-01  1.0796E+04  1.0870E-03  1.8470E-01  7.6702E-01  4.8277E-02
 1.6202E+22  3.9515E-01  6.0485E-01  1.0659E+04  1.0870E-03  1.9640E-01  7.5703E-01  4.6569E-02
 1.6510E+22  4.3351E-01  5.6649E-01  1.0576E+04  1.0870E-03  2.0821E-01  7.4631E-01  4.5478E-02
 1.6819E+22  4.7136E-01  5.2864E-01  1.0502E+04  1.0870E-03  2.2099E-01  7.3523E-01  4.3777E-02
 1.7127E+22  5.0773E-01  4.9227E-01  1.0424E+04  1.0870E-03  2.3387E-01  7.2356E-01  4.2568E-02
 1.7436E+22  5.4209E-01  4.5791E-01  1.0352E+04  1.0870E-03  2.4695E-01  7.1131E-01  4.1735E-02
 1.7745E+22  5.7432E-01  4.2568E-01  1.0285E+04  1.0870E-03  2.6099E-01  6.9865E-01  4.0366E-02
 1.8053E+22  6.0491E-01  3.9509E-01  1.0227E+04  1.0870E-03  2.7479E-01  6.8592E-01  3.9287E-02
 1.8362E+22  6.3211E-01  3.6789E-01  1.0165E+04  1.0870E-03  2.8901E-01  6.7250E-01  3.8489E-02
 1.8670E+22  6.5714E-01  3.4286E-01  1.0104E+04  1.0870E-03  3.0458E-01  6.5823E-01  3.7185E-02
 1.8979E+22  6.8009E-01  3.1991E-01  1.0050E+04  1.0870E-03  3.2084E-01  6.4335E-01  3.5818E-02
 1.9288E+22  7.0009E-01  2.9991E-01  1.0006E+04  1.0870E-03  3.3572E-01  6.2935E-01  3.4931E-02
 1.9596E+22  7.1959E-01  2.8041E-01  9.9585E+03  1.0870E-03  3.5130E-01  6.1495E-01  3.3750E-02
 1.9905E+22  7.3686E-01  2.6314E-01  9.9150E+03  1.0870E-03  3.6874E-01  5.9888E-01  3.2373E-02
 2.0213E+22  7.5164E-01  2.4836E-01  9.8800E+03  1.0870E-03  3.8416E-01  5.8460E-01  3.1244E-02
 2.0522E+22  7.6629E-01  2.3371E-01  9.8447E+03  1.0870E-03  4.0045E-01  5.6944E-01  3.0110E-02
 2.0831E+22  7.7879E-01  2.2121E-01  9.8099E+03  1.0870E-03  4.1722E-01  5.5395E-01  2.8832E-02
 2.1139E+22  7.9093E-01  2.0907E-01  9.7797E+03  1.0870E-03  4.3289E-01  5.3950E-01  2.7603E-02
 2.1448E+22  8.0152E-01  1.9848E-01  9.7485E+03  1.0870E-03  4.4923E-01  5.2423E-01  2.6537E-02
 2.1756E+22  8.1153E-01  1.8847E-01  9.7123E+03  1.0870E-03  4.6455E-01  5.1012E-01  2.5327E-02
 2.2065E+22  8.2090E-01  1.7910E-01  9.6772E+03  1.0870E-03  4.8079E-01  4.9498E-01  2.4235E-02
 2.2374E+22  8.2931E-01  1.7069E-01  9.6472E+03  1.0870E-03  4.9550E-01  4.8138E-01  2.3117E-02
 2.2682E+22  8.3701E-01  1.6299E-01  9.6223E+03  1.0870E-03  5.1029E-01  4.6753E-01  2.2175E-02
 2.2991E+22  8.4448E-01  1.5552E-01  9.5945E+03  1.0870E-03  5.2502E-01  4.5393E-01  2.1053E-02
 2.3299E+22  8.5116E-01  1.4884E-01  9.5674E+03  1.0870E-03  5.3883E-01  4.4103E-01  2.0138E-02
 2.3608E+22  8.5759E-01  1.4241E-01  9.5416E+03  1.0870E-03  5.5247E-01  4.2828E-01  1.9248E-02
 2.3917E+22  8.6319E-01  1.3681E-01  9.5156E+03  1.0870E-03  5.6498E-01  4.1659E-01  1.8436E-02
 2.4225E+22  8.6893E-01  1.3107E-01  9.4887E+03  1.0870E-03  5.7812E-01  4.0437E-01  1.7509E-02
 2.4534E+22  8.7417E-01  1.2583E-01  9.4599E+03  1.0870E-03  5.9028E-01  3.9304E-01  1.6678E-02
 2.4842E+22  8.7896E-01  1.2104E-01  9.4336E+03  1.0870E-03  6.0158E-01  3.8242E-01  1.5999E-02
 2.5151E+22  8.8356E-01  1.1644E-01  9.4108E+03  1.0870E-03  6.1275E-01  3.7193E-01  1.5314E-02
 2.5460E+22  8.8748E-01  1.1252E-01  9.3928E+03  1.0870E-03  6.2253E-01  3.6277E-01  1.4701E-02
 2.5768E+22  8.9175E-01  1.0825E-01  9.3719E+03  1.0870E-03  6.3340E-01  3.5265E-01  1.3955E-02
 2.6077E+22  8.9581E-01  1.0419E-01  9.3494E+03  1.0870E-03  6.4370E-01  3.4300E-01  1.3308E-02
 2.6385E+22  8.9926E-01  1.0074E-01  9.3293E+03  1.0870E-03  6.5232E-01  3.3487E-01  1.2806E-02
 2.6694E+22  9.0266E-01  9.7345E-02  9.3061E+03  1.0870E-03  6.6121E-01  3.2648E-01  1.2308E-02
 2.7003E+22  9.0561E-01  9.4391E-02  9.2889E+03  1.0870E-03  6.6914E-01  3.1899E-01  1.1867E-02
 2.7311E+22  9.0876E-01  9.1237E-02  9.2689E+03  1.0870E-03  6.7761E-01  3.1108E-01  1.1312E-02
 2.7620E+22  9.1210E-01  8.7904E-02  9.2448E+03  1.0870E-03  6.8696E-01  3.0235E-01  1.0697E-02
 2.7928E+22  9.1488E-01  8.5117E-02  9.2247E+03  1.0870E-03  6.9436E-01  2.9532E-01  1.0316E-02
 2.8237E+22  9.1743E-01  8.2565E-02  9.2065E+03  1.0870E-03  7.0132E-01  2.8872E-01  9.9573E-03
 2.8546E+22  9.1972E-01  8.0279E-02  9.1919E+03  1.0870E-03  7.0782E-01  2.8258E-01  9.6001E-03
 2.8854E+22  9.2194E-01  7.8062E-02  9.1796E+03  1.0870E-03  7.1428E-01  2.7644E-01  9.2763E-03
 2.9163E+22  9.2441E-01  7.5588E-02  9.1646E+03  1.0870E-03  7.2153E-01  2.6962E-01  8.8417E-03
 2.9471E+22  9.2701E-01  7.2986E-02  9.1459E+03  1.0870E-03  7.2961E-01  2.6204E-01  8.3546E-03
 2.9780E+22  9.2900E-01  7.0996E-02  9.1316E+03  1.0870E-03  7.3523E-01  2.5669E-01  8.0760E-03
 3.0089E+22  9.3099E-01  6.9013E-02  9.1175E+03  1.0870E-03  7.4114E-01  2.5105E-01  7.8072E-03
 3.0397E+22  9.3275E-01  6.7253E-02  9.1027E+03  1.0870E-03  7.4658E-01  2.4587E-01  7.5514E-03
 3.0706E+22  9.3428E-01  6.5721E-02  9.0928E+03  1.0870E-03  7.5156E-01  2.4112E-01  7.3239E-03
 3.1014E+22  9.3614E-01  6.3862E-02  9.0781E+03  1.0870E-03  7.5743E-01  2.3557E-01  7.0003E-03
 3.1323E+22  9.3818E-01  6.1823E-02  9.0612E+03  1.0870E-03  7.6426E-01  2.2909E-01  6.6488E-03
 3.1632E+22  9.3998E-01  6.0016E-02  9.0439E+03  1.0870E-03  7.7035E-01  2.2330E-01  6.3442E-03
 3.1940E+22  9.4149E-01  5.8509E-02  9.0301E+03  1.0870E-03  7.7509E-01  2.1877E-01  6.1397E-03
 3.2249E+22  9.4290E-01  5.7103E-02  9.0176E+03  1.0870E-03  7.7972E-01  2.1434E-01  5.9445E-03
 3.2557E+22  9.4414E-01  5.5859E-02  9.0077E+03  1.0870E-03  7.8393E-01  2.1031E-01  5.7647E-03
 3.2866E+22  9.4531E-01  5.4689E-02  9.0013E+03  1.0870E-03  7.8816E-01  2.0624E-01  5.5977E-03
 3.3175E+22  9.4679E-01  5.3213E-02  8.9905E+03  1.0870E-03  7.9391E-01  2.0073E-01  5.3579E-03
 3.3483E+22  9.4827E-01  5.1727E-02  8.9795E+03  1.0870E-03  7.9962E-01  1.9527E-01  5.1050E-03
 3.3792E+22  9.4977E-01  5.0230E-02  8.9649E+03  1.0870E-03  8.0563E-01  1.8955E-01  4.8253E-03
 3.4100E+22  9.5091E-01  4.9093E-02  8.9555E+03  1.0870E-03  8.0958E-01  1.8575E-01  4.6732E-03
 3.4409E+22  9.5207E-01  4.7928E-02  8.9453E+03  1.0870E-03  8.1386E-01  1.8162E-01  4.5211E-03
 3.4718E+22  9.5307E-01  4.6933E-02  8.9374E+03  1.0870E-03  8.1767E-01  1.7795E-01  4.3822E-03
 3.5026E+22  9.5393E-01  4.6074E-02  8.9321E+03  1.0870E-03  8.2114E-01  1.7461E-01  4.2560E-03
 3.5335E+22  9.5488E-01  4.5122E-02  8.9280E+03  1.0870E-03  8.2468E-01  1.7119E-01  4.1332E-03
 3.5643E+22  9.5613E-01  4.3875E-02  8.9191E+03  1.0870E-03  8.2947E-01  1.6659E-01  3.9363E-03
 3.5952E+22  9.5729E-01  4.2705E-02  8.9117E+03  1.0870E-03  8.3387E-01  1.6236E-01  3.7704E-03
 3.6261E+22  9.5855E-01  4.1453E-02  8.8981E+03  1.0870E-03  8.3908E-01  1.5737E-01  3.5549E-03
 3.6569E+22  9.5946E-01  4.0540E-02  8.8888E+03  1.0870E-03  8.4243E-01  1.5413E-01  3.4422E-03
 3.6878E+22  9.6035E-01  3.9649E-02  8.8789E+03  1.0870E-03  8.4571E-01  1.5096E-01  3.3308E-03
 3.7186E+22  9.6116E-01  3.8841E-02  8.8695E+03  1.0870E-03  8.4889E-01  1.4789E-01  3.2249E-03
 3.7495E+22  9.6187E-01  3.8129E-02  8.8616E+03  1.0870E-03  8.5170E-01  1.4517E-01  3.1278E-03
 3.7804E+22  9.6255E-01  3.7453E-02  8.8575E+03  1.0870E-03  8.5451E-01  1.4245E-01  3.0364E-03
 3.8112E+22  9.6345E-01  3.6548E-02  8.8488E+03  1.0870E-03  8.5816E-01  1.3892E-01  2.9232E-03
 3.8421E+22  9.6449E-01  3.5510E-02  8.8278E+03  1.0870E-03  8.6267E-01  1.3458E-01  2.7515E-03
 3.8729E+22  9.6541E-01  3.4588E-02  8.8070E+03  1.0870E-03  8.6642E-01  1.3096E-01  2.6251E-03
 3.9038E+22  9.6637E-01  3.3632E-02  8.7706E+03  1.0870E-03  8.7066E-01  1.2688E-01  2.4623E-03
 3.9347E+22  9.6709E-01  3.2909E-02  8.7307E+03  1.0870E-03  8.7356E-01  1.2407E-01  2.3676E-03
 3.9655E+22  9.6780E-01  3.2204E-02  8.6755E+03  1.0870E-03  8.7637E-01  1.2136E-01  2.2742E-03
 3.9964E+22  9.6844E-01  3.1558E-02  8.6097E+03  1.0870E-03  8.7906E-01  1.1875E-01  2.1849E-03
 4.0272E+22  9.6904E-01  3.0959E-02  8.5321E+03  1.0870E-03  8.8166E-01  1.1623E-01  2.1012E-03
 4.0581E+22  9.6953E-01  3.0466E-02  8.4521E+03  1.0870E-03  8.8386E-01  1.1411E-01  2.0323E-03
 4.0890E+22  9.7018E-01  2.9818E-02  8.3276E+03  1.0870E-03  8.8671E-01  1.1135E-01  1.9388E-03
 4.1198E+22  9.7100E-01  2.8997E-02  8.1407E+03  1.0870E-03  8.9033E-01  1.0785E-01  1.8215E-03
 4.1507E+22  9.7175E-01  2.8249E-02  7.9431E+03  1.0870E-03  8.9367E-01  1.0462E-01  1.7082E-03
 4.1815E+22  9.7245E-01  2.7546E-02  7.7346E+03  1.0870E-03  8.9667E-01  1.0171E-01  1.6140E-03
 4.2124E+22  9.7316E-01  2.6843E-02  7.5118E+03  1.0870E-03  8.9986E-01  9.8631E-02  1.5069E-03
 4.2433E+22  9.7370E-01  2.6298E-02  7.3255E+03  1.0870E-03  9.0211E-01  9.6450E-02  1.4416E-03
 4.2741E+22  9.7424E-01  2.5760E-02  7.1384E+03  1.0870E-03  9.0433E-01  9.4293E-02  1.3791E-03
 4.3050E+22  9.7473E-01  2.5272E-02  6.9664E+03  1.0870E-03  9.0636E-01  9.2320E-02  1.3213E-03
 4.3358E+22  9.7515E-01  2.4854E-02  6.8144E+03  1.0870E-03  9.0815E-01  9.0576E-02  1.2717E-03
 4.3667E+22  9.7552E-01  2.4476E-02  6.6753E+03  1.0870E-03  9.0980E-01  8.8978E-02  1.2274E-03
 4.3976E+22  9.7596E-01  2.4039E-02  6.5127E+03  1.0870E-03  9.1174E-01  8.7080E-02  1.1772E-03
 4.4284E+22  9.7649E-01  2.3512E-02  6.3213E+03  1.0870E-03  9.1396E-01  8.4923E-02  1.1198E-03
 4.4593E+22  9.7714E-01  2.2860E-02  6.0949E+03  1.0870E-03  9.1688E-01  8.2074E-02  1.0419E-03
 4.4901E+22  9.7765E-01  2.2349E-02  5.9162E+03  1.0870E-03  9.1903E-01  7.9989E-02  9.8632E-04
 4.5210E+22  9.7815E-01  2.1853E-02  5.7434E+03  1.0870E-03  9.2108E-01  7.7978E-02  9.3767E-04
 4.5519E+22  9.7865E-01  2.1350E-02  5.5726E+03  1.0870E-03  9.2329E-01  7.5825E-02  8.8148E-04
 4.5827E+22  9.7904E-01  2.0959E-02  5.4363E+03  1.0870E-03  9.2485E-01  7.4304E-02  8.4579E-04
 4.6136E+22  9.7942E-01  2.0575E-02  5.3036E+03  1.0870E-03  9.2636E-01  7.2824E-02  8.1239E-04
