 1.5430E+20  1.2903E-06  1.0000E+00  6.0141E+04  1.0870E-03  1.9244E-09  3.2458E-04  9.9968E-01
 4.6290E+20  1.1094E-05  9.9999E-01  4.7084E+04  1.0870E-03  1.0094E-07  2.7910E-03  9.9721E-01
 7.7150E+20  3.9938E-05  9.9996E-01  3.7270E+04  1.0870E-03  9.9726E-07  9.1597E-03  9.9084E-01
 1.0801E+21  9.8140E-05  9.9990E-01  3.1381E+04  1.0870E-03  3.1858E-06  2.0300E-02  9.7970E-01
 1.3887E+21  1.8869E-04  9.9981E-01  2.7961E+04  1.0870E-03  1.0654E-05  3.6124E-02  9.6387E-01
 1.6973E+21  3.2344E-04  9.9968E-01  2.5344E+04  1.0870E-03  2.8483E-05  5.7125E-02  9.4285E-01
 2.0059E+21  4.9706E-04  9.9950E-01  2.3653E+04  1.0870E-03  6.2573E-05  8.1893E-02  9.1804E-01
 2.3145E+21  7.2295E-04  9.9928E-01  2.2274E+04  1.0870E-03  1.2302E-04  1.1078E-01  8.8910E-01
 2.6231E+21  1.0005E-03  9.9900E-01  2.1113E+04  1.0870E-03  2.2146E-04  1.4339E-01  8.5639E-01
 2.9317E+21  1.3419E-03  9.9866E-01  2.0101E+04  1.0870E-03  3.6832E-04  1.7846E-01  8.2117E-01
 3.2403E+21  1.7318E-03  9.9827E-01  1.9363E+04  1.0870E-03  5.7085E-04  2.1464E-01  7.8479E-01
 3.5489E+21  2.1889E-03  9.9781E-01  1.8722E+04  1.0870E-03  8.5046E-04  2.5299E-01  7.4616E-01
 3.8575E+21  2.7113E-03  9.9729E-01  1.8147E+04  1.0870E-03  1.2141E-03  2.9136E-01  7.0742E-01
 4.1661E+21  3.3020E-03  9.9670E-01  1.7622E+04  1.0870E-03  1.6734E-03  3.2977E-01  6.6856E-01
 4.4747E+21  3.9717E-03  9.9603E-01  1.7140E+04  1.0870E-03  2.2459E-03  3.6775E-01  6.3000E-01
 4.7833E+21  4.7368E-03  9.9526E-01  1.6688E+04  1.0870E-03  2.9536E-03  4.0638E-01  5.9067E-01
 5.0919E+21  5.5812E-03  9.9442E-01  1.6276E+04  1.0870E-03  3.7887E-03  4.4277E-01  5.5345E-01
 5.4005E+21  6.5260E-03  9.9347E-01  1.5885E+04  1.0870E-03  4.7833E-03  4.7889E-01  5.1632E-01
 5.7091E+21  7.5471E-03  9.9245E-01  1.5588E+04  1.0870E-03  5.8689E-03  5.1053E-01  4.8360E-01
 6.0177E+21  8.6397E-03  9.9136E-01  1.5317E+04  1.0870E-03  7.1390E-03  5.4269E-01  4.5017E-01
 6.3263E+21  9.8015E-03  9.9020E-01  1.5071E+04  1.0870E-03  8.5552E-03  5.7255E-01  4.1889E-01
 6.6349E+21  1.1231E-02  9.8877E-01  1.4818E+04  1.0870E-03  1.0159E-02  6.0036E-01  3.8948E-01
 6.9435E+21  1.2516E-02  9.8748E-01  1.4602E+04  1.0870E-03  1.1848E-02  6.2595E-01  3.6220E-01
 7.2521E+21  1.4221E-02  9.8578E-01  1.4374E+04  1.0870E-03  1.3821E-02  6.5004E-01  3.3613E-01
 7.5607E+21  1.5899E-02  9.8410E-01  1.4172E+04  1.0870E-03  1.5876E-02  6.7254E-01  3.1159E-01
 7.8693E+21  1.7737E-02  9.8226E-01  1.3972E+04  1.0870E-03  1.8224E-02  6.9376E-01  2.8801E-01
 8.1779E+21  1.9885E-02  9.8011E-01  1.3783E+04  1.0870E-03  2.0669E-02  7.1246E-01  2.6687E-01
 8.4865E+21  2.2229E-02  9.7777E-01  1.3597E+04  1.0870E-03  2.3258E-02  7.2810E-01  2.4864E-01
 8.7951E+21  2.4552E-02  9.7545E-01  1.3431E+04  1.0870E-03  2.6144E-02  7.4402E-01  2.2983E-01
 9.1037E+21  2.7322E-02  9.7268E-01  1.3256E+04  1.0870E-03  2.9345E-02  7.5960E-01  2.1105E-01
 9.4123E+21  3.0354E-02  9.6965E-01  1.3101E+04  1.0870E-03  3.2366E-02  7.6992E-01  1.9771E-01
 9.7209E+21  3.3780E-02  9.6622E-01  1.2939E+04  1.0870E-03  3.6016E-02  7.8212E-01  1.8186E-01
 1.0030E+22  3.7564E-02  9.6244E-01  1.2781E+04  1.0870E-03  3.9771E-02  7.9208E-01  1.6815E-01
 1.0338E+22  4.1737E-02  9.5826E-01  1.2639E+04  1.0870E-03  4.3615E-02  7.9961E-01  1.5678E-01
 1.0647E+22  4.6433E-02  9.5357E-01  1.2503E+04  1.0870E-03  4.8027E-02  8.0821E-01  1.4376E-01
 1.0955E+22  5.1562E-02  9.4844E-01  1.2395E+04  1.0870E-03  5.2155E-02  8.1265E-01  1.3519E-01
 1.1264E+22  5.7433E-02  9.4257E-01  1.2283E+04  1.0870E-03  5.7098E-02  8.1907E-01  1.2383E-01
 1.1573E+22  6.4011E-02  9.3599E-01  1.2173E+04  1.0870E-03  6.1755E-02  8.2172E-01  1.1653E-01
 1.1881E+22  7.1567E-02  9.2843E-01  1.2063E+04  1.0870E-03  6.7228E-02  8.2557E-01  1.0720E-01
 1.2190E+22  8.0093E-02  9.1991E-01  1.1958E+04  1.0870E-03  7.2630E-02  8.2712E-01  1.0025E-01
 1.2498E+22  8.9994E-02  9.1001E-01  1.1847E+04  1.0870E-03  7.8486E-02  8.2815E-01  9.3369E-02
 1.2807E+22  1.0139E-01  8.9861E-01  1.1748E+04  1.0870E-03  8.5024E-02  8.2869E-01  8.6288E-02
 1.3116E+22  1.1476E-01  8.8524E-01  1.1640E+04  1.0870E-03  9.2651E-02  8.2579E-01  8.1555E-02
 1.3424E+22  1.3040E-01  8.6960E-01  1.1535E+04  1.0870E-03  1.0161E-01  8.2350E-01  7.4890E-02
 1.3733E+22  1.4828E-01  8.5172E-01  1.1437E+04  1.0870E-03  1.1026E-01  8.1893E-01  7.0809E-02
 1.4041E+22  1.6908E-01  8.3092E-01  1.1329E+04  1.0870E-03  1.1981E-01  8.1395E-01  6.6241E-02
 1.4350E+22  1.9285E-01  8.0715E-01  1.1225E+04  1.0870E-03  1.3002E-01  8.0840E-01  6.1580E-02
 1.4659E+22  2.1966E-01  7.8034E-01  1.1129E+04  1.0870E-03  1.3988E-01  8.0110E-01  5.9020E-02
 1.4967E+22  2.4981E-01  7.5019E-01  1.1042E+04  1.0870E-03  1.5086E-01  7.9376E-01  5.5384E-02
 1.5276E+22  2.8282E-01  7.1718E-01  1.0933E+04  1.0870E-03  1.6199E-01  7.8557E-01  5.2438E-02
 1.5584E+22  3.1824E-01  6.8176E-01  1.0837E+04  1.0870E-03  1.7289E-01  7.7637E-01  5.0739E-02
 1.5893E+22  3.5603E-01  6.4397E-01  1.0796E+04  1.0870E-03  1.8470E-01  7.6702E-01  4.8277E-02
 1.6202E+22  3.9515E-01  6.0485E-01  1.0659E+04  1.0870E-03  1.9640E-01  7.5703E-01  4.6569E-02
 1.6510E+22  4.3351E-01  5.6649E-01  1.0576E+04  1.0870E-03  2.0821E-01  7.4631E-01  4.5478E-02
 1.6819E+22  4.7136E-01  5.2864E-01  1.0510E+04  1.0870E-03  2.2099E-01  7.3524E-01  4.3779E-02
 1.7127E+22  5.0773E-01  4.9227E-01  1.0424E+04  1.0870E-03  2.3387E-01  7.2356E-01  4.2568E-02
 1.7436E+22  5.4210E-01  4.5790E-01  1.0353E+04  1.0870E-03  2.4695E-01  7.1132E-01  4.1736E-02
 1.7745E+22  5.7434E-01  4.2566E-01  1.0285E+04  1.0870E-03  2.6097E-01  6.9866E-01  4.0370E-02
 1.8053E+22  6.0495E-01  3.9505E-01  1.0227E+04  1.0870E-03  2.7476E-01  6.8595E-01  3.9294E-02
 1.8362E+22  6.3221E-01  3.6779E-01  1.0165E+04  1.0870E-03  2.8893E-01  6.7257E-01  3.8507E-02
 1.8670E+22  6.5731E-01  3.4269E-01  1.0104E+04  1.0870E-03  3.0442E-01  6.5837E-01  3.7218E-02
 1.8979E+22  6.8039E-01  3.1961E-01  1.0051E+04  1.0870E-03  3.2051E-01  6.4361E-01  3.5877E-02
 1.9288E+22  7.0054E-01  2.9946E-01  1.0007E+04  1.0870E-03  3.3519E-01  6.2979E-01  3.5023E-02
 1.9596E+22  7.2026E-01  2.7974E-01  9.9591E+03  1.0870E-03  3.5040E-01  6.1570E-01  3.3894E-02
 1.9905E+22  7.3782E-01  2.6218E-01  9.9157E+03  1.0870E-03  3.6730E-01  6.0011E-01  3.2589E-02
 2.0213E+22  7.5287E-01  2.4713E-01  9.8809E+03  1.0870E-03  3.8209E-01  5.8638E-01  3.1535E-02
 2.0522E+22  7.6792E-01  2.3208E-01  9.8458E+03  1.0870E-03  3.9742E-01  5.7206E-01  3.0511E-02
 2.0831E+22  7.8090E-01  2.1910E-01  9.8112E+03  1.0870E-03  4.1294E-01  5.5769E-01  2.9368E-02
 2.1139E+22  7.9344E-01  2.0656E-01  9.7811E+03  1.0870E-03  4.2732E-01  5.4442E-01  2.8263E-02
 2.1448E+22  8.0462E-01  1.9538E-01  9.7507E+03  1.0870E-03  4.4181E-01  5.3081E-01  2.7380E-02
 2.1756E+22  8.1514E-01  1.8486E-01  9.7147E+03  1.0870E-03  4.5532E-01  5.1835E-01  2.6328E-02
 2.2065E+22  8.2520E-01  1.7480E-01  9.6800E+03  1.0870E-03  4.6928E-01  5.0528E-01  2.5441E-02
 2.2374E+22  8.3425E-01  1.6575E-01  9.6505E+03  1.0870E-03  4.8191E-01  4.9359E-01  2.4493E-02
 2.2682E+22  8.4269E-01  1.5731E-01  9.6264E+03  1.0870E-03  4.9430E-01  4.8194E-01  2.3758E-02
 2.2991E+22  8.5091E-01  1.4909E-01  9.5993E+03  1.0870E-03  5.0685E-01  4.7034E-01  2.2816E-02
 2.3299E+22  8.5836E-01  1.4164E-01  9.5733E+03  1.0870E-03  5.1855E-01  4.5937E-01  2.2081E-02
 2.3608E+22  8.6557E-01  1.3443E-01  9.5508E+03  1.0870E-03  5.3049E-01  4.4816E-01  2.1343E-02
 2.3917E+22  8.7190E-01  1.2810E-01  9.5274E+03  1.0870E-03  5.4146E-01  4.3788E-01  2.0667E-02
 2.4225E+22  8.7838E-01  1.2162E-01  9.5028E+03  1.0870E-03  5.5351E-01  4.2665E-01  1.9845E-02
 2.4534E+22  8.8433E-01  1.1567E-01  9.4764E+03  1.0870E-03  5.6507E-01  4.1583E-01  1.9092E-02
 2.4842E+22  8.8982E-01  1.1018E-01  9.4528E+03  1.0870E-03  5.7618E-01  4.0534E-01  1.8478E-02
 2.5151E+22  8.9503E-01  1.0497E-01  9.4329E+03  1.0870E-03  5.8769E-01  3.9450E-01  1.7811E-02
 2.5460E+22  8.9963E-01  1.0037E-01  9.4181E+03  1.0870E-03  5.9824E-01  3.8456E-01  1.7206E-02
 2.5768E+22  9.0444E-01  9.5565E-02  9.4006E+03  1.0870E-03  6.1026E-01  3.7330E-01  1.6432E-02
 2.6077E+22  9.0888E-01  9.1123E-02  9.3812E+03  1.0870E-03  6.2190E-01  3.6236E-01  1.5743E-02
 2.6385E+22  9.1279E-01  8.7212E-02  9.3649E+03  1.0870E-03  6.3236E-01  3.5245E-01  1.5193E-02
 2.6694E+22  9.1653E-01  8.3466E-02  9.3507E+03  1.0870E-03  6.4336E-01  3.4202E-01  1.4620E-02
 2.7003E+22  9.1987E-01  8.0131E-02  9.3416E+03  1.0870E-03  6.5350E-01  3.3239E-01  1.4112E-02
 2.7311E+22  9.2335E-01  7.6652E-02  9.3297E+03  1.0870E-03  6.6474E-01  3.2183E-01  1.3434E-02
 2.7620E+22  9.2672E-01  7.3276E-02  9.3105E+03  1.0870E-03  6.7628E-01  3.1100E-01  1.2721E-02
 2.7928E+22  9.2966E-01  7.0344E-02  9.2935E+03  1.0870E-03  6.8634E-01  3.0143E-01  1.2236E-02
 2.8237E+22  9.3232E-01  6.7679E-02  9.2790E+03  1.0870E-03  6.9590E-01  2.9233E-01  1.1769E-02
 2.8546E+22  9.3475E-01  6.5255E-02  9.2684E+03  1.0870E-03  7.0510E-01  2.8360E-01  1.1292E-02
 2.8854E+22  9.3715E-01  6.2853E-02  9.2610E+03  1.0870E-03  7.1455E-01  2.7461E-01  1.0845E-02
 2.9163E+22  9.3967E-01  6.0333E-02  9.2494E+03  1.0870E-03  7.2482E-01  2.6493E-01  1.0247E-02
 2.9471E+22  9.4205E-01  5.7950E-02  9.2329E+03  1.0870E-03  7.3485E-01  2.5549E-01  9.6586E-03
 2.9780E+22  9.4406E-01  5.5943E-02  9.2220E+03  1.0870E-03  7.4306E-01  2.4767E-01  9.2663E-03
 3.0089E+22  9.4596E-01  5.4043E-02  9.2106E+03  1.0870E-03  7.5128E-01  2.3984E-01  8.8845E-03
 3.0397E+22  9.4765E-01  5.2348E-02  9.2021E+03  1.0870E-03  7.5890E-01  2.3258E-01  8.5153E-03
 3.0706E+22  9.4926E-01  5.0738E-02  9.1990E+03  1.0870E-03  7.6632E-01  2.2550E-01  8.1785E-03
 3.1014E+22  9.5109E-01  4.8909E-02  9.1913E+03  1.0870E-03  7.7486E-01  2.1743E-01  7.7041E-03
 3.1323E+22  9.5293E-01  4.7068E-02  9.1805E+03  1.0870E-03  7.8377E-01  2.0902E-01  7.2181E-03
 3.1632E+22  9.5447E-01  4.5530E-02  9.1684E+03  1.0870E-03  7.9105E-01  2.0211E-01  6.8407E-03
 3.1940E+22  9.5586E-01  4.4137E-02  9.1593E+03  1.0870E-03  7.9760E-01  1.9587E-01  6.5319E-03
 3.2249E+22  9.5712E-01  4.2880E-02  9.1503E+03  1.0870E-03  8.0371E-01  1.9006E-01  6.2394E-03
 3.2557E+22  9.5829E-01  4.1711E-02  9.1424E+03  1.0870E-03  8.0966E-01  1.8439E-01  5.9576E-03
 3.2866E+22  9.5948E-01  4.0524E-02  9.1336E+03  1.0870E-03  8.1578E-01  1.7854E-01  5.6802E-03
 3.3175E+22  9.6085E-01  3.9152E-02  9.1039E+03  1.0870E-03  8.2293E-01  1.7178E-01  5.2968E-03
 3.3483E+22  9.6218E-01  3.7816E-02  9.0562E+03  1.0870E-03  8.2992E-01  1.6515E-01  4.9270E-03
 3.3792E+22  9.6335E-01  3.6652E-02  8.9859E+03  1.0870E-03  8.3594E-01  1.5946E-01  4.6025E-03
 3.4100E+22  9.6438E-01  3.5619E-02  8.8932E+03  1.0870E-03  8.4103E-01  1.5461E-01  4.3587E-03
 3.4409E+22  9.6535E-01  3.4650E-02  8.7712E+03  1.0870E-03  8.4594E-01  1.4994E-01  4.1269E-03
 3.4718E+22  9.6621E-01  3.3794E-02  8.6298E+03  1.0870E-03  8.5037E-01  1.4572E-01  3.9162E-03
 3.5026E+22  9.6701E-01  3.2994E-02  8.4689E+03  1.0870E-03  8.5464E-01  1.4164E-01  3.7186E-03
 3.5335E+22  9.6794E-01  3.2065E-02  8.2502E+03  1.0870E-03  8.5946E-01  1.3705E-01  3.4968E-03
 3.5643E+22  9.6895E-01  3.1050E-02  7.9809E+03  1.0870E-03  8.6480E-01  1.3197E-01  3.2284E-03
 3.5952E+22  9.6993E-01  3.0068E-02  7.6968E+03  1.0870E-03  8.6994E-01  1.2707E-01  2.9892E-03
 3.6261E+22  9.7079E-01  2.9214E-02  7.4331E+03  1.0870E-03  8.7436E-01  1.2286E-01  2.7831E-03
 3.6569E+22  9.7151E-01  2.8489E-02  7.2002E+03  1.0870E-03  8.7789E-01  1.1947E-01  2.6354E-03
 3.6878E+22  9.7220E-01  2.7803E-02  6.9779E+03  1.0870E-03  8.8128E-01  1.1622E-01  2.4975E-03
 3.7186E+22  9.7281E-01  2.7195E-02  6.7782E+03  1.0870E-03  8.8435E-01  1.1327E-01  2.3753E-03
 3.7495E+22  9.7337E-01  2.6633E-02  6.5923E+03  1.0870E-03  8.8724E-01  1.1050E-01  2.2647E-03
 3.7804E+22  9.7399E-01  2.6011E-02  6.3875E+03  1.0870E-03  8.9046E-01  1.0740E-01  2.1453E-03
 3.8112E+22  9.7474E-01  2.5257E-02  6.1461E+03  1.0870E-03  8.9431E-01  1.0369E-01  1.9991E-03
 3.8421E+22  9.7544E-01  2.4561E-02  5.9245E+03  1.0870E-03  8.9780E-01  1.0034E-01  1.8655E-03
 3.8729E+22  9.7613E-01  2.3872E-02  5.7077E+03  1.0870E-03  9.0127E-01  9.6991E-02  1.7365E-03
 3.9038E+22  9.7672E-01  2.3278E-02  5.5209E+03  1.0870E-03  9.0419E-01  9.4180E-02  1.6303E-03
 3.9347E+22  9.7724E-01  2.2765E-02  5.3586E+03  1.0870E-03  9.0658E-01  9.1871E-02  1.5517E-03
 3.9655E+22  9.7773E-01  2.2273E-02  5.2048E+03  1.0870E-03  9.0889E-01  8.9632E-02  1.4777E-03
 3.9964E+22  9.7817E-01  2.1834E-02  5.0667E+03  1.0870E-03  9.1104E-01  8.7551E-02  1.4117E-03
 4.0272E+22  9.7857E-01  2.1425E-02  4.9380E+03  1.0870E-03  9.1304E-01  8.5607E-02  1.3516E-03
 4.0581E+22  9.7900E-01  2.1004E-02  4.8045E+03  1.0870E-03  9.1513E-01  8.3576E-02  1.2905E-03
 4.0890E+22  9.7950E-01  2.0496E-02  4.6484E+03  1.0870E-03  9.1757E-01  8.1206E-02  1.2202E-03
 4.1198E+22  9.8007E-01  1.9928E-02  4.4789E+03  1.0870E-03  9.2040E-01  7.8464E-02  1.1326E-03
 4.1507E+22  9.8055E-01  1.9452E-02  4.3370E+03  1.0870E-03  9.2262E-01  7.6308E-02  1.0698E-03
 4.1815E+22  9.8103E-01  1.8966E-02  4.1942E+03  1.0870E-03  9.2497E-01  7.4029E-02  1.0029E-03
 4.2124E+22  9.8145E-01  1.8549E-02  4.0718E+03  1.0870E-03  9.2691E-01  7.2140E-02  9.4917E-04
 4.2433E+22  9.8182E-01  1.8177E-02  3.9624E+03  1.0870E-03  9.2858E-01  7.0512E-02  9.0755E-04
 4.2741E+22  9.8218E-01  1.7822E-02  3.8590E+03  1.0870E-03  9.3016E-01  6.8968E-02  8.6827E-04
 4.3050E+22  9.8249E-01  1.7509E-02  3.7669E+03  1.0870E-03  9.3161E-01  6.7558E-02  8.3315E-04
 4.3358E+22  9.8279E-01  1.7209E-02  3.6788E+03  1.0870E-03  9.3300E-01  6.6198E-02  8.0034E-04
 4.3667E+22  9.8308E-01  1.6923E-02  3.5933E+03  1.0870E-03  9.3436E-01  6.4869E-02  7.7055E-04
 4.3976E+22  9.8344E-01  1.6565E-02  3.4897E+03  1.0870E-03  9.3605E-01  6.3220E-02  7.3165E-04
 4.4284E+22  9.8384E-01  1.6157E-02  3.3750E+03  1.0870E-03  9.3793E-01  6.1381E-02  6.8975E-04
 4.4593E+22  9.8424E-01  1.5759E-02  3.2655E+03  1.0870E-03  9.3981E-01  5.9546E-02  6.4470E-04
 4.4901E+22  9.8458E-01  1.5423E-02  3.1725E+03  1.0870E-03  9.4129E-01  5.8094E-02  6.1402E-04
 4.5210E+22  9.8492E-01  1.5081E-02  3.0796E+03  1.0870E-03  9.4286E-01  5.6561E-02  5.8029E-04
 4.5519E+22  9.8522E-01  1.4783E-02  2.9988E+03  1.0870E-03  9.4418E-01  5.5272E-02  5.5222E-04
 4.5827E+22  9.8548E-01  1.4517E-02  2.9263E+03  1.0870E-03  9.4531E-01  5.4159E-02  5.3033E-04
 4.6136E+22  9.8574E-01  1.4257E-02  2.8564E+03  1.0870E-03  9.4642E-01  5.3075E-02  5.0937E-04
