 1.5430E+20  1.2465E-06  1.0000E+00  6.1513E+04  1.0870E-03  1.9537E-09  3.1823E-04  9.9968E-01
 4.6290E+20  1.1063E-05  9.9999E-01  4.7157E+04  1.0870E-03  1.0077E-07  2.7870E-03  9.9721E-01
 7.7150E+20  3.9935E-05  9.9996E-01  3.7271E+04  1.0870E-03  9.9727E-07  9.1598E-03  9.9084E-01
 1.0801E+21  9.8145E-05  9.9990E-01  3.1380E+04  1.0870E-03  3.1782E-06  2.0300E-02  9.7970E-01
 1.3887E+21  1.8869E-04  9.9981E-01  2.7961E+04  1.0870E-03  1.0654E-05  3.6124E-02  9.6387E-01
 1.6973E+21  3.2344E-04  9.9968E-01  2.5344E+04  1.0870E-03  2.8483E-05  5.7125E-02  9.4285E-01
 2.0059E+21  4.9706E-04  9.9950E-01  2.3653E+04  1.0870E-03  6.2573E-05  8.1893E-02  9.1804E-01
 2.3145E+21  7.2295E-04  9.9928E-01  2.2274E+04  1.0870E-03  1.2302E-04  1.1078E-01  8.8910E-01
 2.6231E+21  1.0005E-03  9.9900E-01  2.1113E+04  1.0870E-03  2.2146E-04  1.4339E-01  8.5639E-01
 2.9317E+21  1.3419E-03  9.9866E-01  2.0101E+04  1.0870E-03  3.6832E-04  1.7846E-01  8.2117E-01
 3.2403E+21  1.7318E-03  9.9827E-01  1.9363E+04  1.0870E-03  5.7085E-04  2.1464E-01  7.8479E-01
 3.5489E+21  2.1889E-03  9.9781E-01  1.8722E+04  1.0870E-03  8.5046E-04  2.5299E-01  7.4616E-01
 3.8575E+21  2.7113E-03  9.9729E-01  1.8147E+04  1.0870E-03  1.2141E-03  2.9136E-01  7.0742E-01
 4.1661E+21  3.3020E-03  9.9670E-01  1.7622E+04  1.0870E-03  1.6734E-03  3.2977E-01  6.6856E-01
 4.4747E+21  3.9717E-03  9.9603E-01  1.7140E+04  1.0870E-03  2.2459E-03  3.6775E-01  6.3000E-01
 4.7833E+21  4.7368E-03  9.9526E-01  1.6688E+04  1.0870E-03  2.9536E-03  4.0638E-01  5.9067E-01
 5.0919E+21  5.5812E-03  9.9442E-01  1.6276E+04  1.0870E-03  3.7886E-03  4.4277E-01  5.5345E-01
 5.4005E+21  6.5260E-03  9.9347E-01  1.5885E+04  1.0870E-03  4.7833E-03  4.7889E-01  5.1632E-01
 5.7091E+21  7.5471E-03  9.9245E-01  1.5588E+04  1.0870E-03  5.8689E-03  5.1053E-01  4.8360E-01
 6.0177E+21  8.6396E-03  9.9136E-01  1.5317E+04  1.0870E-03  7.1390E-03  5.4269E-01  4.5017E-01
 6.3263E+21  9.8015E-03  9.9020E-01  1.5071E+04  1.0870E-03  8.5552E-03  5.7255E-01  4.1889E-01
 6.6349E+21  1.1231E-02  9.8877E-01  1.4818E+04  1.0870E-03  1.0159E-02  6.0036E-01  3.8948E-01
 6.9435E+21  1.2516E-02  9.8748E-01  1.4602E+04  1.0870E-03  1.1848E-02  6.2595E-01  3.6220E-01
 7.2521E+21  1.4221E-02  9.8578E-01  1.4374E+04  1.0870E-03  1.3821E-02  6.5004E-01  3.3613E-01
 7.5607E+21  1.5899E-02  9.8410E-01  1.4172E+04  1.0870E-03  1.5876E-02  6.7254E-01  3.1159E-01
 7.8693E+21  1.7737E-02  9.8226E-01  1.3972E+04  1.0870E-03  1.8224E-02  6.9376E-01  2.8801E-01
 8.1779E+21  1.9885E-02  9.8011E-01  1.3783E+04  1.0870E-03  2.0669E-02  7.1246E-01  2.6687E-01
 8.4865E+21  2.2229E-02  9.7777E-01  1.3597E+04  1.0870E-03  2.3258E-02  7.2810E-01  2.4864E-01
 8.7951E+21  2.4552E-02  9.7545E-01  1.3431E+04  1.0870E-03  2.6144E-02  7.4402E-01  2.2983E-01
 9.1037E+21  2.7322E-02  9.7268E-01  1.3256E+04  1.0870E-03  2.9345E-02  7.5960E-01  2.1105E-01
 9.4123E+21  3.0354E-02  9.6965E-01  1.3101E+04  1.0870E-03  3.2366E-02  7.6992E-01  1.9771E-01
 9.7209E+21  3.3780E-02  9.6622E-01  1.2939E+04  1.0870E-03  3.6016E-02  7.8212E-01  1.8186E-01
 1.0030E+22  3.7564E-02  9.6244E-01  1.2781E+04  1.0870E-03  3.9771E-02  7.9208E-01  1.6815E-01
 1.0338E+22  4.1737E-02  9.5826E-01  1.2639E+04  1.0870E-03  4.3615E-02  7.9961E-01  1.5678E-01
 1.0647E+22  4.6433E-02  9.5357E-01  1.2503E+04  1.0870E-03  4.8027E-02  8.0821E-01  1.4376E-01
 1.0955E+22  5.1562E-02  9.4844E-01  1.2395E+04  1.0870E-03  5.2155E-02  8.1265E-01  1.3519E-01
 1.1264E+22  5.7433E-02  9.4257E-01  1.2283E+04  1.0870E-03  5.7098E-02  8.1907E-01  1.2383E-01
 1.1573E+22  6.4011E-02  9.3599E-01  1.2173E+04  1.0870E-03  6.1755E-02  8.2172E-01  1.1653E-01
 1.1881E+22  7.1567E-02  9.2843E-01  1.2063E+04  1.0870E-03  6.7228E-02  8.2557E-01  1.0720E-01
 1.2190E+22  8.0093E-02  9.1991E-01  1.1958E+04  1.0870E-03  7.2630E-02  8.2712E-01  1.0025E-01
 1.2498E+22  8.9994E-02  9.1001E-01  1.1847E+04  1.0870E-03  7.8486E-02  8.2815E-01  9.3369E-02
 1.2807E+22  1.0139E-01  8.9861E-01  1.1748E+04  1.0870E-03  8.5024E-02  8.2869E-01  8.6288E-02
 1.3116E+22  1.1476E-01  8.8524E-01  1.1640E+04  1.0870E-03  9.2651E-02  8.2579E-01  8.1555E-02
 1.3424E+22  1.3040E-01  8.6960E-01  1.1535E+04  1.0870E-03  1.0161E-01  8.2350E-01  7.4890E-02
 1.3733E+22  1.4828E-01  8.5172E-01  1.1437E+04  1.0870E-03  1.1026E-01  8.1893E-01  7.0809E-02
 1.4041E+22  1.6908E-01  8.3092E-01  1.1329E+04  1.0870E-03  1.1981E-01  8.1395E-01  6.6241E-02
 1.4350E+22  1.9285E-01  8.0715E-01  1.1231E+04  1.0870E-03  1.3002E-01  8.0840E-01  6.1580E-02
 1.4659E+22  2.1966E-01  7.8034E-01  1.1129E+04  1.0870E-03  1.3988E-01  8.0110E-01  5.9020E-02
 1.4967E+22  2.4981E-01  7.5019E-01  1.1028E+04  1.0870E-03  1.5086E-01  7.9375E-01  5.5383E-02
 1.5276E+22  2.8282E-01  7.1718E-01  1.0933E+04  1.0870E-03  1.6199E-01  7.8557E-01  5.2438E-02
 1.5584E+22  3.1824E-01  6.8176E-01  1.0837E+04  1.0870E-03  1.7289E-01  7.7637E-01  5.0739E-02
 1.5893E+22  3.5603E-01  6.4397E-01  1.0796E+04  1.0870E-03  1.8470E-01  7.6702E-01  4.8277E-02
 1.6202E+22  3.9515E-01  6.0485E-01  1.0659E+04  1.0870E-03  1.9640E-01  7.5703E-01  4.6569E-02
 1.6510E+22  4.3351E-01  5.6649E-01  1.0576E+04  1.0870E-03  2.0821E-01  7.4631E-01  4.5478E-02
 1.6819E+22  4.7136E-01  5.2864E-01  1.0501E+04  1.0870E-03  2.2099E-01  7.3523E-01  4.3778E-02
 1.7127E+22  5.0773E-01  4.9227E-01  1.0424E+04  1.0870E-03  2.3387E-01  7.2356E-01  4.2568E-02
 1.7436E+22  5.4209E-01  4.5791E-01  1.0352E+04  1.0870E-03  2.4695E-01  7.1131E-01  4.1735E-02
 1.7745E+22  5.7432E-01  4.2568E-01  1.0285E+04  1.0870E-03  2.6099E-01  6.9865E-01  4.0366E-02
 1.8053E+22  6.0491E-01  3.9509E-01  1.0227E+04  1.0870E-03  2.7479E-01  6.8592E-01  3.9287E-02
 1.8362E+22  6.3211E-01  3.6789E-01  1.0165E+04  1.0870E-03  2.8901E-01  6.7250E-01  3.8489E-02
 1.8670E+22  6.5714E-01  3.4286E-01  1.0104E+04  1.0870E-03  3.0458E-01  6.5823E-01  3.7185E-02
 1.8979E+22  6.8009E-01  3.1991E-01  1.0050E+04  1.0870E-03  3.2084E-01  6.4335E-01  3.5818E-02
 1.9288E+22  7.0009E-01  2.9991E-01  1.0006E+04  1.0870E-03  3.3572E-01  6.2935E-01  3.4931E-02
 1.9596E+22  7.1959E-01  2.8041E-01  9.9585E+03  1.0870E-03  3.5130E-01  6.1495E-01  3.3750E-02
 1.9905E+22  7.3686E-01  2.6314E-01  9.9150E+03  1.0870E-03  3.6875E-01  5.9888E-01  3.2373E-02
 2.0213E+22  7.5164E-01  2.4836E-01  9.8800E+03  1.0870E-03  3.8417E-01  5.8459E-01  3.1243E-02
 2.0522E+22  7.6628E-01  2.3372E-01  9.8447E+03  1.0870E-03  4.0047E-01  5.6942E-01  3.0107E-02
 2.0831E+22  7.7878E-01  2.2122E-01  9.8099E+03  1.0870E-03  4.1725E-01  5.5392E-01  2.8828E-02
 2.1139E+22  7.9091E-01  2.0909E-01  9.7797E+03  1.0870E-03  4.3295E-01  5.3946E-01  2.7597E-02
 2.1448E+22  8.0149E-01  1.9851E-01  9.7485E+03  1.0870E-03  4.4932E-01  5.2415E-01  2.6528E-02
 2.1756E+22  8.1149E-01  1.8851E-01  9.7123E+03  1.0870E-03  4.6468E-01  5.1001E-01  2.5314E-02
 2.2065E+22  8.2084E-01  1.7916E-01  9.6772E+03  1.0870E-03  4.8099E-01  4.9479E-01  2.4217E-02
 2.2374E+22  8.2924E-01  1.7076E-01  9.6472E+03  1.0870E-03  4.9579E-01  4.8112E-01  2.3091E-02
 2.2682E+22  8.3692E-01  1.6308E-01  9.6224E+03  1.0870E-03  5.1070E-01  4.6716E-01  2.2140E-02
 2.2991E+22  8.4436E-01  1.5564E-01  9.5945E+03  1.0870E-03  5.2558E-01  4.5341E-01  2.1008E-02
 2.3299E+22  8.5100E-01  1.4900E-01  9.5675E+03  1.0870E-03  5.3959E-01  4.4033E-01  2.0080E-02
 2.3608E+22  8.5739E-01  1.4261E-01  9.5418E+03  1.0870E-03  5.5346E-01  4.2736E-01  1.9174E-02
 2.3917E+22  8.6296E-01  1.3704E-01  9.5158E+03  1.0870E-03  5.6621E-01  4.1544E-01  1.8347E-02
 2.4225E+22  8.6864E-01  1.3136E-01  9.4889E+03  1.0870E-03  5.7965E-01  4.0295E-01  1.7402E-02
 2.4534E+22  8.7382E-01  1.2618E-01  9.4601E+03  1.0870E-03  5.9212E-01  3.9133E-01  1.6551E-02
 2.4842E+22  8.7855E-01  1.2145E-01  9.4338E+03  1.0870E-03  6.0374E-01  3.8040E-01  1.5853E-02
 2.5151E+22  8.8308E-01  1.1692E-01  9.4110E+03  1.0870E-03  6.1525E-01  3.6960E-01  1.5149E-02
 2.5460E+22  8.8692E-01  1.1308E-01  9.3929E+03  1.0870E-03  6.2534E-01  3.6015E-01  1.4517E-02
 2.5768E+22  8.9110E-01  1.0890E-01  9.3718E+03  1.0870E-03  6.3653E-01  3.4971E-01  1.3753E-02
 2.6077E+22  8.9508E-01  1.0492E-01  9.3493E+03  1.0870E-03  6.4711E-01  3.3980E-01  1.3091E-02
 2.6385E+22  8.9843E-01  1.0157E-01  9.3288E+03  1.0870E-03  6.5598E-01  3.3145E-01  1.2573E-02
 2.6694E+22  9.0174E-01  9.8256E-02  9.3054E+03  1.0870E-03  6.6507E-01  3.2287E-01  1.2062E-02
 2.7003E+22  9.0461E-01  9.5390E-02  9.2879E+03  1.0870E-03  6.7318E-01  3.1521E-01  1.1609E-02
 2.7311E+22  9.0766E-01  9.2342E-02  9.2675E+03  1.0870E-03  6.8175E-01  3.0720E-01  1.1047E-02
 2.7620E+22  9.1092E-01  8.9083E-02  9.2430E+03  1.0870E-03  6.9119E-01  2.9838E-01  1.0429E-02
 2.7928E+22  9.1361E-01  8.6387E-02  9.2225E+03  1.0870E-03  6.9860E-01  2.9136E-01  1.0043E-02
 2.8237E+22  9.1609E-01  8.3914E-02  9.2038E+03  1.0870E-03  7.0554E-01  2.8477E-01  9.6805E-03
 2.8546E+22  9.1829E-01  8.1709E-02  9.1888E+03  1.0870E-03  7.1199E-01  2.7868E-01  9.3225E-03
 2.8854E+22  9.2042E-01  7.9579E-02  9.1760E+03  1.0870E-03  7.1837E-01  2.7263E-01  8.9971E-03
 2.9163E+22  9.2280E-01  7.7197E-02  9.1604E+03  1.0870E-03  7.2543E-01  2.6601E-01  8.5673E-03
 2.9471E+22  9.2536E-01  7.4642E-02  9.1413E+03  1.0870E-03  7.3334E-01  2.5857E-01  8.0876E-03
 2.9780E+22  9.2728E-01  7.2719E-02  9.1265E+03  1.0870E-03  7.3879E-01  2.5340E-01  7.8122E-03
 3.0089E+22  9.2921E-01  7.0794E-02  9.1098E+03  1.0870E-03  7.4447E-01  2.4798E-01  7.5478E-03
 3.0397E+22  9.3091E-01  6.9089E-02  9.0943E+03  1.0870E-03  7.4965E-01  2.4305E-01  7.2981E-03
 3.0706E+22  9.3238E-01  6.7617E-02  9.0837E+03  1.0870E-03  7.5440E-01  2.3852E-01  7.0748E-03
 3.1014E+22  9.3418E-01  6.5825E-02  9.0681E+03  1.0870E-03  7.5993E-01  2.3331E-01  6.7609E-03
 3.1323E+22  9.3617E-01  6.3826E-02  9.0504E+03  1.0870E-03  7.6642E-01  2.2716E-01  6.4210E-03
 3.1632E+22  9.3796E-01  6.2037E-02  9.0327E+03  1.0870E-03  7.7223E-01  2.2164E-01  6.1264E-03
 3.1940E+22  9.3943E-01  6.0566E-02  9.0182E+03  1.0870E-03  7.7667E-01  2.1740E-01  5.9297E-03
 3.2249E+22  9.4081E-01  5.9190E-02  9.0052E+03  1.0870E-03  7.8098E-01  2.1328E-01  5.7431E-03
 3.2557E+22  9.4198E-01  5.8021E-02  8.9949E+03  1.0870E-03  7.8534E-01  2.0909E-01  5.5682E-03
 3.2866E+22  9.4308E-01  5.6920E-02  8.9879E+03  1.0870E-03  7.8961E-01  2.0499E-01  5.4013E-03
 3.3175E+22  9.4453E-01  5.5472E-02  8.9763E+03  1.0870E-03  7.9484E-01  1.9999E-01  5.1697E-03
 3.3483E+22  9.4600E-01  5.4003E-02  8.9646E+03  1.0870E-03  8.0002E-01  1.9505E-01  4.9315E-03
 3.3792E+22  9.4752E-01  5.2481E-02  8.9497E+03  1.0870E-03  8.0567E-01  1.8966E-01  4.6633E-03
 3.4100E+22  9.4864E-01  5.1363E-02  8.9395E+03  1.0870E-03  8.0923E-01  1.8625E-01  4.5215E-03
 3.4409E+22  9.4980E-01  5.0201E-02  8.9288E+03  1.0870E-03  8.1316E-01  1.8246E-01  4.3802E-03
 3.4718E+22  9.5079E-01  4.9214E-02  8.9205E+03  1.0870E-03  8.1664E-01  1.7911E-01  4.2512E-03
 3.5026E+22  9.5163E-01  4.8369E-02  8.9146E+03  1.0870E-03  8.1975E-01  1.7611E-01  4.1351E-03
 3.5335E+22  9.5255E-01  4.7454E-02  8.9093E+03  1.0870E-03  8.2294E-01  1.7304E-01  4.0213E-03
 3.5643E+22  9.5378E-01  4.6219E-02  8.8975E+03  1.0870E-03  8.2733E-01  1.6883E-01  3.8396E-03
 3.5952E+22  9.5493E-01  4.5067E-02  8.8868E+03  1.0870E-03  8.3132E-01  1.6500E-01  3.6870E-03
 3.6261E+22  9.5622E-01  4.3780E-02  8.8711E+03  1.0870E-03  8.3633E-01  1.6019E-01  3.4829E-03
 3.6569E+22  9.5713E-01  4.2869E-02  8.8609E+03  1.0870E-03  8.3941E-01  1.5721E-01  3.3792E-03
 3.6878E+22  9.5802E-01  4.1979E-02  8.8510E+03  1.0870E-03  8.4241E-01  1.5431E-01  3.2792E-03
 3.7186E+22  9.5883E-01  4.1167E-02  8.8421E+03  1.0870E-03  8.4535E-01  1.5147E-01  3.1840E-03
 3.7495E+22  9.5954E-01  4.0457E-02  8.8350E+03  1.0870E-03  8.4794E-01  1.4897E-01  3.0970E-03
 3.7804E+22  9.6019E-01  3.9808E-02  8.8321E+03  1.0870E-03  8.5042E-01  1.4656E-01  3.0183E-03
 3.8112E+22  9.6107E-01  3.8930E-02  8.8272E+03  1.0870E-03  8.5364E-01  1.4343E-01  2.9245E-03
 3.8421E+22  9.6214E-01  3.7859E-02  8.8140E+03  1.0870E-03  8.5800E-01  1.3923E-01  2.7654E-03
 3.8729E+22  9.6306E-01  3.6944E-02  8.8060E+03  1.0870E-03  8.6138E-01  1.3596E-01  2.6593E-03
 3.9038E+22  9.6405E-01  3.5951E-02  8.7922E+03  1.0870E-03  8.6550E-01  1.3199E-01  2.5107E-03
 3.9347E+22  9.6478E-01  3.5217E-02  8.7813E+03  1.0870E-03  8.6822E-01  1.2935E-01  2.4288E-03
 3.9655E+22  9.6550E-01  3.4500E-02  8.7687E+03  1.0870E-03  8.7084E-01  1.2681E-01  2.3494E-03
 3.9964E+22  9.6616E-01  3.3837E-02  8.7534E+03  1.0870E-03  8.7339E-01  1.2434E-01  2.2718E-03
 4.0272E+22  9.6678E-01  3.3223E-02  8.7352E+03  1.0870E-03  8.7587E-01  1.2194E-01  2.1987E-03
 4.0581E+22  9.6727E-01  3.2727E-02  8.7160E+03  1.0870E-03  8.7794E-01  1.1993E-01  2.1386E-03
 4.0890E+22  9.6792E-01  3.2076E-02  8.6814E+03  1.0870E-03  8.8063E-01  1.1732E-01  2.0563E-03
 4.1198E+22  9.6877E-01  3.1231E-02  8.6185E+03  1.0870E-03  8.8410E-01  1.1395E-01  1.9506E-03
 4.1507E+22  9.6957E-01  3.0426E-02  8.5315E+03  1.0870E-03  8.8755E-01  1.1062E-01  1.8372E-03
 4.1815E+22  9.7031E-01  2.9689E-02  8.4238E+03  1.0870E-03  8.9053E-01  1.0773E-01  1.7468E-03
 4.2124E+22  9.7108E-01  2.8922E-02  8.2824E+03  1.0870E-03  8.9389E-01  1.0447E-01  1.6352E-03
 4.2433E+22  9.7166E-01  2.8339E-02  8.1498E+03  1.0870E-03  8.9621E-01  1.0222E-01  1.5675E-03
 4.2741E+22  9.7224E-01  2.7760E-02  8.0011E+03  1.0870E-03  8.9853E-01  9.9972E-02  1.5022E-03
 4.3050E+22  9.7277E-01  2.7228E-02  7.8501E+03  1.0870E-03  9.0067E-01  9.7891E-02  1.4407E-03
 4.3358E+22  9.7322E-01  2.6784E-02  7.7093E+03  1.0870E-03  9.0253E-01  9.6083E-02  1.3881E-03
 4.3667E+22  9.7362E-01  2.6376E-02  7.5725E+03  1.0870E-03  9.0425E-01  9.4408E-02  1.3402E-03
 4.3976E+22  9.7408E-01  2.5923E-02  7.4111E+03  1.0870E-03  9.0622E-01  9.2488E-02  1.2883E-03
 4.4284E+22  9.7463E-01  2.5367E-02  7.2109E+03  1.0870E-03  9.0852E-01  9.0253E-02  1.2265E-03
 4.4593E+22  9.7534E-01  2.4661E-02  6.9616E+03  1.0870E-03  9.1159E-01  8.7262E-02  1.1436E-03
 4.4901E+22  9.7590E-01  2.4098E-02  6.7588E+03  1.0870E-03  9.1394E-01  8.4979E-02  1.0800E-03
 4.5210E+22  9.7643E-01  2.3565E-02  6.5653E+03  1.0870E-03  9.1609E-01  8.2879E-02  1.0277E-03
 4.5519E+22  9.7699E-01  2.3011E-02  6.3686E+03  1.0870E-03  9.1849E-01  8.0543E-02  9.6577E-04
 4.5827E+22  9.7742E-01  2.2584E-02  6.2127E+03  1.0870E-03  9.2017E-01  7.8906E-02  9.2560E-04
 4.6136E+22  9.7783E-01  2.2169E-02  6.0615E+03  1.0870E-03  9.2177E-01  7.7342E-02  8.8913E-04
