 1.5430E+20  1.8370E-06  1.0000E+00  4.6725E+04  1.0870E-03  2.1026E-09  4.0394E-04  9.9960E-01
 4.6290E+20  1.3551E-05  9.9999E-01  4.1939E+04  1.0870E-03  1.1628E-07  3.0826E-03  9.9692E-01
 7.7150E+20  4.2284E-05  9.9996E-01  3.6159E+04  1.0870E-03  1.0428E-06  9.3893E-03  9.9061E-01
 1.0801E+21  9.8727E-05  9.9990E-01  3.1266E+04  1.0870E-03  3.2159E-06  2.0379E-02  9.7962E-01
 1.3887E+21  1.8919E-04  9.9981E-01  2.7936E+04  1.0870E-03  1.0690E-05  3.6163E-02  9.6383E-01
 1.6973E+21  3.2350E-04  9.9968E-01  2.5343E+04  1.0870E-03  2.8479E-05  5.7108E-02  9.4286E-01
 2.0059E+21  4.9712E-04  9.9950E-01  2.3653E+04  1.0870E-03  6.2603E-05  8.1918E-02  9.1802E-01
 2.3145E+21  7.2309E-04  9.9928E-01  2.2273E+04  1.0870E-03  1.2301E-04  1.1077E-01  8.8911E-01
 2.6231E+21  1.0006E-03  9.9900E-01  2.1113E+04  1.0870E-03  2.2149E-04  1.4340E-01  8.5638E-01
 2.9317E+21  1.3415E-03  9.9866E-01  2.0102E+04  1.0870E-03  3.6828E-04  1.7846E-01  8.2117E-01
 3.2403E+21  1.7319E-03  9.9827E-01  1.9363E+04  1.0870E-03  5.7081E-04  2.1463E-01  7.8480E-01
 3.5489E+21  2.1888E-03  9.9781E-01  1.8722E+04  1.0870E-03  8.5051E-04  2.5301E-01  7.4614E-01
 3.8575E+21  2.7117E-03  9.9729E-01  1.8147E+04  1.0870E-03  1.2141E-03  2.9137E-01  7.0742E-01
 4.1661E+21  3.3017E-03  9.9670E-01  1.7622E+04  1.0870E-03  1.6734E-03  3.2978E-01  6.6855E-01
 4.4747E+21  3.9719E-03  9.9603E-01  1.7140E+04  1.0870E-03  2.2459E-03  3.6776E-01  6.3000E-01
 4.7833E+21  4.7369E-03  9.9526E-01  1.6688E+04  1.0870E-03  2.9535E-03  4.0636E-01  5.9068E-01
 5.0919E+21  5.5813E-03  9.9442E-01  1.6276E+04  1.0870E-03  3.7889E-03  4.4279E-01  5.5343E-01
 5.4005E+21  6.5259E-03  9.9347E-01  1.5885E+04  1.0870E-03  4.7832E-03  4.7889E-01  5.1633E-01
 5.7091E+21  7.5470E-03  9.9245E-01  1.5588E+04  1.0870E-03  5.8690E-03  5.1054E-01  4.8359E-01
 6.0177E+21  8.6402E-03  9.9136E-01  1.5317E+04  1.0870E-03  7.1393E-03  5.4270E-01  4.5016E-01
 6.3263E+21  9.8013E-03  9.9020E-01  1.5071E+04  1.0870E-03  8.5554E-03  5.7256E-01  4.1888E-01
 6.6349E+21  1.1231E-02  9.8877E-01  1.4818E+04  1.0870E-03  1.0159E-02  6.0037E-01  3.8947E-01
 6.9435E+21  1.2515E-02  9.8748E-01  1.4602E+04  1.0870E-03  1.1848E-02  6.2595E-01  3.6220E-01
 7.2521E+21  1.4222E-02  9.8578E-01  1.4374E+04  1.0870E-03  1.3821E-02  6.5005E-01  3.3613E-01
 7.5607E+21  1.5899E-02  9.8410E-01  1.4172E+04  1.0870E-03  1.5876E-02  6.7254E-01  3.1159E-01
 7.8693E+21  1.7738E-02  9.8226E-01  1.3972E+04  1.0870E-03  1.8225E-02  6.9376E-01  2.8801E-01
 8.1779E+21  1.9886E-02  9.8011E-01  1.3783E+04  1.0870E-03  2.0669E-02  7.1248E-01  2.6686E-01
 8.4865E+21  2.2230E-02  9.7777E-01  1.3597E+04  1.0870E-03  2.3259E-02  7.2811E-01  2.4864E-01
 8.7951E+21  2.4552E-02  9.7545E-01  1.3431E+04  1.0870E-03  2.6144E-02  7.4402E-01  2.2983E-01
 9.1037E+21  2.7322E-02  9.7268E-01  1.3256E+04  1.0870E-03  2.9345E-02  7.5961E-01  2.1105E-01
 9.4123E+21  3.0355E-02  9.6965E-01  1.3101E+04  1.0870E-03  3.2367E-02  7.6993E-01  1.9770E-01
 9.7209E+21  3.3780E-02  9.6622E-01  1.2939E+04  1.0870E-03  3.6016E-02  7.8212E-01  1.8186E-01
 1.0030E+22  3.7565E-02  9.6244E-01  1.2781E+04  1.0870E-03  3.9772E-02  7.9209E-01  1.6814E-01
 1.0338E+22  4.1737E-02  9.5826E-01  1.2639E+04  1.0870E-03  4.3615E-02  7.9961E-01  1.5678E-01
 1.0647E+22  4.6433E-02  9.5357E-01  1.2503E+04  1.0870E-03  4.8028E-02  8.0821E-01  1.4376E-01
 1.0955E+22  5.1563E-02  9.4844E-01  1.2395E+04  1.0870E-03  5.2156E-02  8.1265E-01  1.3519E-01
 1.1264E+22  5.7434E-02  9.4257E-01  1.2283E+04  1.0870E-03  5.7099E-02  8.1907E-01  1.2383E-01
 1.1573E+22  6.4012E-02  9.3599E-01  1.2173E+04  1.0870E-03  6.1755E-02  8.2172E-01  1.1653E-01
 1.1881E+22  7.1568E-02  9.2843E-01  1.2063E+04  1.0870E-03  6.7229E-02  8.2557E-01  1.0720E-01
 1.2190E+22  8.0094E-02  9.1991E-01  1.1958E+04  1.0870E-03  7.2629E-02  8.2711E-01  1.0026E-01
 1.2498E+22  8.9996E-02  9.1000E-01  1.1847E+04  1.0870E-03  7.8485E-02  8.2814E-01  9.3371E-02
 1.2807E+22  1.0139E-01  8.9861E-01  1.1748E+04  1.0870E-03  8.5020E-02  8.2868E-01  8.6300E-02
 1.3116E+22  1.1479E-01  8.8521E-01  1.1640E+04  1.0870E-03  9.2641E-02  8.2577E-01  8.1585E-02
 1.3424E+22  1.3055E-01  8.6945E-01  1.1526E+04  1.0870E-03  1.0157E-01  8.2345E-01  7.4975E-02
 1.3733E+22  1.4903E-01  8.5097E-01  1.1446E+04  1.0870E-03  1.1016E-01  8.1881E-01  7.1022E-02
 1.4041E+22  1.7155E-01  8.2845E-01  1.1338E+04  1.0870E-03  1.1945E-01  8.1374E-01  6.6805E-02
 1.4350E+22  2.0026E-01  7.9974E-01  1.1079E+04  1.0870E-03  1.2907E-01  8.0810E-01  6.2825E-02
 1.4659E+22  2.3710E-01  7.6290E-01  1.0964E+04  1.0870E-03  1.3710E-01  8.0113E-01  6.1773E-02
 1.4967E+22  2.8584E-01  7.1416E-01  1.1179E+04  1.0870E-03  1.4448E-01  7.9501E-01  6.0513E-02
 1.5276E+22  3.4619E-01  6.5381E-01  1.1312E+04  1.0870E-03  1.4970E-01  7.8915E-01  6.1142E-02
 1.5584E+22  4.1416E-01  5.8584E-01  1.0847E+04  1.0870E-03  1.5263E-01  7.8360E-01  6.3770E-02
 1.5893E+22  4.8510E-01  5.1490E-01  1.0833E+04  1.0870E-03  1.5484E-01  7.7900E-01  6.6156E-02
 1.6202E+22  5.5348E-01  4.4652E-01  1.1129E+04  1.0870E-03  1.5726E-01  7.7308E-01  6.9667E-02
 1.6510E+22  6.1582E-01  3.8418E-01  1.0977E+04  1.0870E-03  1.6237E-01  7.6564E-01  7.1988E-02
 1.6819E+22  6.7051E-01  3.2949E-01  1.0913E+04  1.0870E-03  1.7098E-01  7.5606E-01  7.2956E-02
 1.7127E+22  7.1710E-01  2.8290E-01  1.0039E+04  1.0870E-03  1.8434E-01  7.4224E-01  7.3417E-02
 1.7436E+22  7.5639E-01  2.4361E-01  1.0591E+04  1.0870E-03  2.0299E-01  7.2503E-01  7.1983E-02
 1.7745E+22  7.8930E-01  2.1070E-01  1.0559E+04  1.0870E-03  2.2727E-01  7.0350E-01  6.9233E-02
 1.8053E+22  8.1672E-01  1.8328E-01  1.0538E+04  1.0870E-03  2.5607E-01  6.7767E-01  6.6261E-02
 1.8362E+22  8.3980E-01  1.6020E-01  1.0517E+04  1.0870E-03  2.8953E-01  6.4852E-01  6.1945E-02
 1.8670E+22  8.5906E-01  1.4094E-01  1.0495E+04  1.0870E-03  3.2568E-01  6.1694E-01  5.7373E-02
 1.8979E+22  8.7518E-01  1.2482E-01  1.0485E+04  1.0870E-03  3.6331E-01  5.8366E-01  5.3034E-02
 1.9288E+22  8.8888E-01  1.1112E-01  1.0468E+04  1.0870E-03  4.0217E-01  5.4952E-01  4.8306E-02
 1.9596E+22  9.0048E-01  9.9524E-02  1.0448E+04  1.0870E-03  4.4085E-01  5.1542E-01  4.3724E-02
 1.9905E+22  9.1028E-01  8.9722E-02  1.0436E+04  1.0870E-03  4.7807E-01  4.8228E-01  3.9655E-02
 2.0213E+22  9.1872E-01  8.1284E-02  1.0419E+04  1.0870E-03  5.1420E-01  4.5014E-01  3.5662E-02
 2.0522E+22  9.2606E-01  7.3942E-02  1.0394E+04  1.0870E-03  5.4884E-01  4.1925E-01  3.1910E-02
 2.0831E+22  9.3232E-01  6.7675E-02  1.0381E+04  1.0870E-03  5.8100E-01  3.9043E-01  2.8572E-02
 2.1139E+22  9.3785E-01  6.2151E-02  1.0365E+04  1.0870E-03  6.1126E-01  3.6322E-01  2.5516E-02
 2.1448E+22  9.4267E-01  5.7331E-02  1.0341E+04  1.0870E-03  6.3928E-01  3.3797E-01  2.2752E-02
 2.1756E+22  9.4688E-01  5.3118E-02  1.0304E+04  1.0870E-03  6.6516E-01  3.1461E-01  2.0235E-02
 2.2065E+22  9.5061E-01  4.9390E-02  1.0219E+04  1.0870E-03  6.8896E-01  2.9303E-01  1.8008E-02
 2.2374E+22  9.5397E-01  4.6032E-02  1.0018E+04  1.0870E-03  7.1103E-01  2.7298E-01  1.5986E-02
 2.2682E+22  9.5696E-01  4.3036E-02  9.6242E+03  1.0870E-03  7.3131E-01  2.5448E-01  1.4210E-02
 2.2991E+22  9.5959E-01  4.0409E-02  9.1063E+03  1.0870E-03  7.4967E-01  2.3769E-01  1.2645E-02
 2.3299E+22  9.6197E-01  3.8033E-02  8.5493E+03  1.0870E-03  7.6644E-01  2.2230E-01  1.1264E-02
 2.3608E+22  9.6415E-01  3.5855E-02  7.9954E+03  1.0870E-03  7.8185E-01  2.0811E-01  1.0038E-02
 2.3917E+22  9.6610E-01  3.3901E-02  7.4803E+03  1.0870E-03  7.9570E-01  1.9530E-01  9.0016E-03
 2.4225E+22  9.6788E-01  3.2122E-02  7.0079E+03  1.0870E-03  8.0845E-01  1.8347E-01  8.0814E-03
 2.4534E+22  9.6950E-01  3.0500E-02  6.5766E+03  1.0870E-03  8.2015E-01  1.7260E-01  7.2561E-03
 2.4842E+22  9.7104E-01  2.8964E-02  6.1669E+03  1.0870E-03  8.3110E-01  1.6240E-01  6.5003E-03
 2.5151E+22  9.7245E-01  2.7552E-02  5.7903E+03  1.0870E-03  8.4106E-01  1.5309E-01  5.8490E-03
 2.5460E+22  9.7370E-01  2.6302E-02  5.4589E+03  1.0870E-03  8.4988E-01  1.4481E-01  5.3070E-03
 2.5768E+22  9.7485E-01  2.5145E-02  5.1550E+03  1.0870E-03  8.5810E-01  1.3708E-01  4.8149E-03
 2.6077E+22  9.7593E-01  2.4069E-02  4.8744E+03  1.0870E-03  8.6573E-01  1.2991E-01  4.3665E-03
 2.6385E+22  9.7699E-01  2.3010E-02  4.5992E+03  1.0870E-03  8.7307E-01  1.2299E-01  3.9397E-03
 2.6694E+22  9.7797E-01  2.2026E-02  4.3450E+03  1.0870E-03  8.7979E-01  1.1664E-01  3.5700E-03
 2.7003E+22  9.7885E-01  2.1147E-02  4.1200E+03  1.0870E-03  8.8572E-01  1.1101E-01  3.2657E-03
 2.7311E+22  9.7966E-01  2.0336E-02  3.9142E+03  1.0870E-03  8.9123E-01  1.0578E-01  2.9907E-03
 2.7620E+22  9.8043E-01  1.9574E-02  3.7229E+03  1.0870E-03  8.9642E-01  1.0085E-01  2.7364E-03
 2.7928E+22  9.8118E-01  1.8821E-02  3.5361E+03  1.0870E-03  9.0146E-01  9.6051E-02  2.4937E-03
 2.8237E+22  9.8190E-01  1.8099E-02  3.3585E+03  1.0870E-03  9.0619E-01  9.1544E-02  2.2699E-03
 2.8546E+22  9.8257E-01  1.7433E-02  3.1958E+03  1.0870E-03  9.1048E-01  8.7439E-02  2.0799E-03
 2.8854E+22  9.8316E-01  1.6840E-02  3.0526E+03  1.0870E-03  9.1426E-01  8.3816E-02  1.9227E-03
 2.9163E+22  9.8373E-01  1.6273E-02  2.9168E+03  1.0870E-03  9.1790E-01  8.0326E-02  1.7754E-03
 2.9471E+22  9.8427E-01  1.5734E-02  2.7893E+03  1.0870E-03  9.2135E-01  7.7009E-02  1.6374E-03
 2.9780E+22  9.8481E-01  1.5193E-02  2.6629E+03  1.0870E-03  9.2475E-01  7.3743E-02  1.5036E-03
 3.0089E+22  9.8534E-01  1.4657E-02  2.5394E+03  1.0870E-03  9.2807E-01  7.0551E-02  1.3760E-03
 3.0397E+22  9.8584E-01  1.4163E-02  2.4265E+03  1.0870E-03  9.3109E-01  6.7648E-02  1.2661E-03
 3.0706E+22  9.8627E-01  1.3729E-02  2.3283E+03  1.0870E-03  9.3367E-01  6.5149E-02  1.1778E-03
 3.1014E+22  9.8668E-01  1.3321E-02  2.2367E+03  1.0870E-03  9.3612E-01  6.2779E-02  1.0969E-03
 3.1323E+22  9.8706E-01  1.2935E-02  2.1508E+03  1.0870E-03  9.3845E-01  6.0526E-02  1.0216E-03
 3.1632E+22  9.8745E-01  1.2550E-02  2.0663E+03  1.0870E-03  9.4077E-01  5.8286E-02  9.4856E-04
 3.1940E+22  9.8786E-01  1.2145E-02  1.9788E+03  1.0870E-03  9.4314E-01  5.5981E-02  8.7454E-04
 3.2249E+22  9.8824E-01  1.1755E-02  1.8956E+03  1.0870E-03  9.4540E-01  5.3794E-02  8.0606E-04
 3.2557E+22  9.8860E-01  1.1400E-02  1.8204E+03  1.0870E-03  9.4743E-01  5.1827E-02  7.4701E-04
 3.2866E+22  9.8892E-01  1.1082E-02  1.7537E+03  1.0870E-03  9.4921E-01  5.0093E-02  6.9871E-04
 3.3175E+22  9.8922E-01  1.0785E-02  1.6920E+03  1.0870E-03  9.5087E-01  4.8472E-02  6.5520E-04
 3.3483E+22  9.8950E-01  1.0500E-02  1.6332E+03  1.0870E-03  9.5248E-01  4.6902E-02  6.1423E-04
 3.3792E+22  9.8978E-01  1.0225E-02  1.5771E+03  1.0870E-03  9.5404E-01  4.5389E-02  5.7533E-04
 3.4100E+22  9.9007E-01  9.9341E-03  1.5187E+03  1.0870E-03  9.5565E-01  4.3813E-02  5.3553E-04
 3.4409E+22  9.9036E-01  9.6431E-03  1.4612E+03  1.0870E-03  9.5725E-01  4.2253E-02  4.9686E-04
 3.4718E+22  9.9063E-01  9.3667E-03  1.4071E+03  1.0870E-03  9.5875E-01  4.0792E-02  4.6198E-04
 3.5026E+22  9.9089E-01  9.1077E-03  1.3568E+03  1.0870E-03  9.6014E-01  3.9432E-02  4.3089E-04
 3.5335E+22  9.9112E-01  8.8784E-03  1.3127E+03  1.0870E-03  9.6134E-01  3.8258E-02  4.0591E-04
 3.5643E+22  9.9134E-01  8.6631E-03  1.2715E+03  1.0870E-03  9.6246E-01  3.7153E-02  3.8289E-04
 3.5952E+22  9.9154E-01  8.4574E-03  1.2325E+03  1.0870E-03  9.6356E-01  3.6083E-02  3.6120E-04
 3.6261E+22  9.9174E-01  8.2564E-03  1.1947E+03  1.0870E-03  9.6462E-01  3.5037E-02  3.4048E-04
 3.6569E+22  9.9196E-01  8.0434E-03  1.1552E+03  1.0870E-03  9.6574E-01  3.3939E-02  3.1910E-04
 3.6878E+22  9.9218E-01  7.8238E-03  1.1152E+03  1.0870E-03  9.6688E-01  3.2826E-02  2.9784E-04
 3.7186E+22  9.9239E-01  7.6143E-03  1.0775E+03  1.0870E-03  9.6795E-01  3.1768E-02  2.7834E-04
 3.7495E+22  9.9258E-01  7.4193E-03  1.0427E+03  1.0870E-03  9.6895E-01  3.0792E-02  2.6085E-04
 3.7804E+22  9.9276E-01  7.2409E-03  1.0111E+03  1.0870E-03  9.6984E-01  2.9912E-02  2.4566E-04
 3.8112E+22  9.9292E-01  7.0788E-03  9.8260E+02  1.0870E-03  9.7064E-01  2.9127E-02  2.3294E-04
 3.8421E+22  9.9308E-01  6.9202E-03  9.5489E+02  1.0870E-03  9.7143E-01  2.8351E-02  2.2070E-04
 3.8729E+22  9.9323E-01  6.7723E-03  9.2920E+02  1.0870E-03  9.7216E-01  2.7628E-02  2.0950E-04
 3.9038E+22  9.9338E-01  6.6209E-03  9.0311E+02  1.0870E-03  9.7292E-01  2.6878E-02  1.9823E-04
 3.9347E+22  9.9353E-01  6.4664E-03  8.7687E+02  1.0870E-03  9.7369E-01  2.6121E-02  1.8703E-04
 3.9655E+22  9.9370E-01  6.3048E-03  8.4985E+02  1.0870E-03  9.7448E-01  2.5343E-02  1.7575E-04
 3.9964E+22  9.9385E-01  6.1455E-03  8.2353E+02  1.0870E-03  9.7526E-01  2.4577E-02  1.6480E-04
 4.0272E+22  9.9400E-01  5.9998E-03  7.9968E+02  1.0870E-03  9.7595E-01  2.3890E-02  1.5545E-04
 4.0581E+22  9.9414E-01  5.8612E-03  7.7721E+02  1.0870E-03  9.7662E-01  2.3233E-02  1.4666E-04
 4.0890E+22  9.9427E-01  5.7333E-03  7.5659E+02  1.0870E-03  9.7722E-01  2.2637E-02  1.3905E-04
 4.1198E+22  9.9438E-01  5.6162E-03  7.3784E+02  1.0870E-03  9.7777E-01  2.2099E-02  1.3250E-04
 4.1507E+22  9.9449E-01  5.5060E-03  7.2033E+02  1.0870E-03  9.7828E-01  2.1589E-02  1.2642E-04
 4.1815E+22  9.9460E-01  5.3980E-03  7.0322E+02  1.0870E-03  9.7880E-01  2.1081E-02  1.2051E-04
 4.2124E+22  9.9471E-01  5.2886E-03  6.8604E+02  1.0870E-03  9.7932E-01  2.0567E-02  1.1466E-04
 4.2433E+22  9.9482E-01  5.1762E-03  6.6856E+02  1.0870E-03  9.7985E-01  2.0042E-02  1.0877E-04
 4.2741E+22  9.9494E-01  5.0555E-03  6.5008E+02  1.0870E-03  9.8041E-01  1.9490E-02  1.0270E-04
 4.3050E+22  9.9507E-01  4.9344E-03  6.3177E+02  1.0870E-03  9.8097E-01  1.8934E-02  9.6706E-05
 4.3358E+22  9.9518E-01  4.8245E-03  6.1533E+02  1.0870E-03  9.8147E-01  1.8438E-02  9.1513E-05
 4.3667E+22  9.9528E-01  4.7225E-03  6.0018E+02  1.0870E-03  9.8193E-01  1.7984E-02  8.6954E-05
 4.3976E+22  9.9538E-01  4.6237E-03  5.8565E+02  1.0870E-03  9.8238E-01  1.7540E-02  8.2542E-05
 4.4284E+22  9.9547E-01  4.5328E-03  5.7234E+02  1.0870E-03  9.8278E-01  1.7139E-02  7.8732E-05
 4.4593E+22  9.9555E-01  4.4479E-03  5.6000E+02  1.0870E-03  9.8316E-01  1.6769E-02  7.5363E-05
 4.4901E+22  9.9563E-01  4.3650E-03  5.4800E+02  1.0870E-03  9.8353E-01  1.6402E-02  7.2092E-05
 4.5210E+22  9.9571E-01  4.2880E-03  5.3690E+02  1.0870E-03  9.8387E-01  1.6057E-02  6.9063E-05
 4.5519E+22  9.9579E-01  4.2100E-03  5.2574E+02  1.0870E-03  9.8422E-01  1.5712E-02  6.6095E-05
 4.5827E+22  9.9587E-01  4.1308E-03  5.1450E+02  1.0870E-03  9.8458E-01  1.5355E-02  6.3078E-05
 4.6136E+22  9.9596E-01  4.0434E-03  5.0226E+02  1.0870E-03  9.8497E-01  1.4969E-02  5.9866E-05
