 1.5430E+20  1.2431E-06  1.0000E+00  6.1620E+04  1.0870E-03  1.9563E-09  3.1773E-04  9.9968E-01
 4.6290E+20  1.1063E-05  9.9999E-01  4.7158E+04  1.0870E-03  1.0077E-07  2.7870E-03  9.9721E-01
 7.7150E+20  3.9935E-05  9.9996E-01  3.7271E+04  1.0870E-03  9.9727E-07  9.1598E-03  9.9084E-01
 1.0801E+21  9.8146E-05  9.9990E-01  3.1380E+04  1.0870E-03  3.1741E-06  2.0300E-02  9.7970E-01
 1.3887E+21  1.8869E-04  9.9981E-01  2.7961E+04  1.0870E-03  1.0654E-05  3.6124E-02  9.6387E-01
 1.6973E+21  3.2344E-04  9.9968E-01  2.5344E+04  1.0870E-03  2.8483E-05  5.7125E-02  9.4285E-01
 2.0059E+21  4.9706E-04  9.9950E-01  2.3653E+04  1.0870E-03  6.2573E-05  8.1893E-02  9.1804E-01
 2.3145E+21  7.2295E-04  9.9928E-01  2.2274E+04  1.0870E-03  1.2302E-04  1.1078E-01  8.8910E-01
 2.6231E+21  1.0005E-03  9.9900E-01  2.1113E+04  1.0870E-03  2.2146E-04  1.4339E-01  8.5639E-01
 2.9317E+21  1.3419E-03  9.9866E-01  2.0101E+04  1.0870E-03  3.6832E-04  1.7846E-01  8.2117E-01
 3.2403E+21  1.7318E-03  9.9827E-01  1.9363E+04  1.0870E-03  5.7086E-04  2.1464E-01  7.8479E-01
 3.5489E+21  2.1889E-03  9.9781E-01  1.8722E+04  1.0870E-03  8.5046E-04  2.5299E-01  7.4616E-01
 3.8575E+21  2.7113E-03  9.9729E-01  1.8147E+04  1.0870E-03  1.2141E-03  2.9136E-01  7.0742E-01
 4.1661E+21  3.3020E-03  9.9670E-01  1.7622E+04  1.0870E-03  1.6734E-03  3.2977E-01  6.6856E-01
 4.4747E+21  3.9717E-03  9.9603E-01  1.7140E+04  1.0870E-03  2.2459E-03  3.6775E-01  6.3000E-01
 4.7833E+21  4.7368E-03  9.9526E-01  1.6688E+04  1.0870E-03  2.9536E-03  4.0638E-01  5.9067E-01
 5.0919E+21  5.5812E-03  9.9442E-01  1.6276E+04  1.0870E-03  3.7886E-03  4.4277E-01  5.5345E-01
 5.4005E+21  6.5260E-03  9.9347E-01  1.5885E+04  1.0870E-03  4.7833E-03  4.7889E-01  5.1632E-01
 5.7091E+21  7.5471E-03  9.9245E-01  1.5588E+04  1.0870E-03  5.8689E-03  5.1053E-01  4.8360E-01
 6.0177E+21  8.6396E-03  9.9136E-01  1.5317E+04  1.0870E-03  7.1390E-03  5.4269E-01  4.5017E-01
 6.3263E+21  9.8015E-03  9.9020E-01  1.5071E+04  1.0870E-03  8.5552E-03  5.7255E-01  4.1889E-01
 6.6349E+21  1.1231E-02  9.8877E-01  1.4818E+04  1.0870E-03  1.0159E-02  6.0036E-01  3.8948E-01
 6.9435E+21  1.2516E-02  9.8748E-01  1.4602E+04  1.0870E-03  1.1848E-02  6.2595E-01  3.6220E-01
 7.2521E+21  1.4221E-02  9.8578E-01  1.4374E+04  1.0870E-03  1.3821E-02  6.5004E-01  3.3613E-01
 7.5607E+21  1.5899E-02  9.8410E-01  1.4172E+04  1.0870E-03  1.5876E-02  6.7254E-01  3.1159E-01
 7.8693E+21  1.7737E-02  9.8226E-01  1.3972E+04  1.0870E-03  1.8224E-02  6.9376E-01  2.8801E-01
 8.1779E+21  1.9885E-02  9.8011E-01  1.3783E+04  1.0870E-03  2.0669E-02  7.1246E-01  2.6687E-01
 8.4865E+21  2.2229E-02  9.7777E-01  1.3597E+04  1.0870E-03  2.3258E-02  7.2810E-01  2.4864E-01
 8.7951E+21  2.4552E-02  9.7545E-01  1.3431E+04  1.0870E-03  2.6144E-02  7.4402E-01  2.2983E-01
 9.1037E+21  2.7322E-02  9.7268E-01  1.3256E+04  1.0870E-03  2.9345E-02  7.5960E-01  2.1105E-01
 9.4123E+21  3.0354E-02  9.6965E-01  1.3101E+04  1.0870E-03  3.2366E-02  7.6992E-01  1.9771E-01
 9.7209E+21  3.3780E-02  9.6622E-01  1.2939E+04  1.0870E-03  3.6016E-02  7.8212E-01  1.8186E-01
 1.0030E+22  3.7564E-02  9.6244E-01  1.2781E+04  1.0870E-03  3.9771E-02  7.9208E-01  1.6815E-01
 1.0338E+22  4.1737E-02  9.5826E-01  1.2639E+04  1.0870E-03  4.3615E-02  7.9961E-01  1.5678E-01
 1.0647E+22  4.6433E-02  9.5357E-01  1.2503E+04  1.0870E-03  4.8027E-02  8.0821E-01  1.4376E-01
 1.0955E+22  5.1562E-02  9.4844E-01  1.2395E+04  1.0870E-03  5.2155E-02  8.1265E-01  1.3519E-01
 1.1264E+22  5.7433E-02  9.4257E-01  1.2283E+04  1.0870E-03  5.7098E-02  8.1907E-01  1.2383E-01
 1.1573E+22  6.4011E-02  9.3599E-01  1.2173E+04  1.0870E-03  6.1755E-02  8.2172E-01  1.1653E-01
 1.1881E+22  7.1567E-02  9.2843E-01  1.2063E+04  1.0870E-03  6.7228E-02  8.2557E-01  1.0720E-01
 1.2190E+22  8.0093E-02  9.1991E-01  1.1958E+04  1.0870E-03  7.2630E-02  8.2712E-01  1.0025E-01
 1.2498E+22  8.9994E-02  9.1001E-01  1.1847E+04  1.0870E-03  7.8486E-02  8.2815E-01  9.3369E-02
 1.2807E+22  1.0139E-01  8.9861E-01  1.1748E+04  1.0870E-03  8.5024E-02  8.2869E-01  8.6288E-02
 1.3116E+22  1.1476E-01  8.8524E-01  1.1640E+04  1.0870E-03  9.2651E-02  8.2579E-01  8.1555E-02
 1.3424E+22  1.3040E-01  8.6960E-01  1.1535E+04  1.0870E-03  1.0161E-01  8.2350E-01  7.4890E-02
 1.3733E+22  1.4828E-01  8.5172E-01  1.1437E+04  1.0870E-03  1.1026E-01  8.1893E-01  7.0809E-02
 1.4041E+22  1.6908E-01  8.3092E-01  1.1329E+04  1.0870E-03  1.1981E-01  8.1395E-01  6.6241E-02
 1.4350E+22  1.9285E-01  8.0715E-01  1.1231E+04  1.0870E-03  1.3002E-01  8.0840E-01  6.1580E-02
 1.4659E+22  2.1966E-01  7.8034E-01  1.1129E+04  1.0870E-03  1.3988E-01  8.0110E-01  5.9020E-02
 1.4967E+22  2.4981E-01  7.5019E-01  1.1027E+04  1.0870E-03  1.5086E-01  7.9376E-01  5.5384E-02
 1.5276E+22  2.8282E-01  7.1718E-01  1.0933E+04  1.0870E-03  1.6199E-01  7.8557E-01  5.2438E-02
 1.5584E+22  3.1824E-01  6.8176E-01  1.0837E+04  1.0870E-03  1.7289E-01  7.7637E-01  5.0739E-02
 1.5893E+22  3.5603E-01  6.4397E-01  1.0796E+04  1.0870E-03  1.8470E-01  7.6702E-01  4.8277E-02
 1.6202E+22  3.9515E-01  6.0485E-01  1.0659E+04  1.0870E-03  1.9640E-01  7.5703E-01  4.6569E-02
 1.6510E+22  4.3351E-01  5.6649E-01  1.0576E+04  1.0870E-03  2.0821E-01  7.4631E-01  4.5478E-02
 1.6819E+22  4.7136E-01  5.2864E-01  1.0499E+04  1.0870E-03  2.2099E-01  7.3523E-01  4.3779E-02
 1.7127E+22  5.0773E-01  4.9227E-01  1.0424E+04  1.0870E-03  2.3387E-01  7.2356E-01  4.2568E-02
 1.7436E+22  5.4209E-01  4.5791E-01  1.0352E+04  1.0870E-03  2.4695E-01  7.1131E-01  4.1735E-02
 1.7745E+22  5.7432E-01  4.2568E-01  1.0285E+04  1.0870E-03  2.6099E-01  6.9865E-01  4.0366E-02
 1.8053E+22  6.0491E-01  3.9509E-01  1.0227E+04  1.0870E-03  2.7479E-01  6.8592E-01  3.9287E-02
 1.8362E+22  6.3211E-01  3.6789E-01  1.0165E+04  1.0870E-03  2.8901E-01  6.7250E-01  3.8489E-02
 1.8670E+22  6.5714E-01  3.4286E-01  1.0104E+04  1.0870E-03  3.0458E-01  6.5823E-01  3.7185E-02
 1.8979E+22  6.8009E-01  3.1991E-01  1.0050E+04  1.0870E-03  3.2084E-01  6.4335E-01  3.5818E-02
 1.9288E+22  7.0009E-01  2.9991E-01  1.0006E+04  1.0870E-03  3.3572E-01  6.2935E-01  3.4931E-02
 1.9596E+22  7.1959E-01  2.8041E-01  9.9585E+03  1.0870E-03  3.5130E-01  6.1495E-01  3.3750E-02
 1.9905E+22  7.3686E-01  2.6314E-01  9.9150E+03  1.0870E-03  3.6875E-01  5.9888E-01  3.2372E-02
 2.0213E+22  7.5163E-01  2.4837E-01  9.8800E+03  1.0870E-03  3.8417E-01  5.8459E-01  3.1242E-02
 2.0522E+22  7.6627E-01  2.3373E-01  9.8447E+03  1.0870E-03  4.0047E-01  5.6942E-01  3.0107E-02
 2.0831E+22  7.7877E-01  2.2123E-01  9.8099E+03  1.0870E-03  4.1726E-01  5.5391E-01  2.8827E-02
 2.1139E+22  7.9090E-01  2.0910E-01  9.7797E+03  1.0870E-03  4.3296E-01  5.3944E-01  2.7595E-02
 2.1448E+22  8.0148E-01  1.9852E-01  9.7485E+03  1.0870E-03  4.4935E-01  5.2412E-01  2.6525E-02
 2.1756E+22  8.1148E-01  1.8852E-01  9.7123E+03  1.0870E-03  4.6473E-01  5.0996E-01  2.5309E-02
 2.2065E+22  8.2082E-01  1.7918E-01  9.6772E+03  1.0870E-03  4.8108E-01  4.9472E-01  2.4209E-02
 2.2374E+22  8.2920E-01  1.7080E-01  9.6472E+03  1.0870E-03  4.9592E-01  4.8100E-01  2.3080E-02
 2.2682E+22  8.3688E-01  1.6312E-01  9.6224E+03  1.0870E-03  5.1091E-01  4.6697E-01  2.2124E-02
 2.2991E+22  8.4430E-01  1.5570E-01  9.5946E+03  1.0870E-03  5.2589E-01  4.5313E-01  2.0984E-02
 2.3299E+22  8.5093E-01  1.4907E-01  9.5676E+03  1.0870E-03  5.4003E-01  4.3992E-01  2.0048E-02
 2.3608E+22  8.5729E-01  1.4271E-01  9.5420E+03  1.0870E-03  5.5409E-01  4.2678E-01  1.9130E-02
 2.3917E+22  8.6284E-01  1.3716E-01  9.5161E+03  1.0870E-03  5.6705E-01  4.1466E-01  1.8290E-02
 2.4225E+22  8.6848E-01  1.3152E-01  9.4893E+03  1.0870E-03  5.8079E-01  4.0188E-01  1.7328E-02
 2.4534E+22  8.7362E-01  1.2638E-01  9.4606E+03  1.0870E-03  5.9361E-01  3.8993E-01  1.6458E-02
 2.4842E+22  8.7830E-01  1.2170E-01  9.4343E+03  1.0870E-03  6.0564E-01  3.7862E-01  1.5737E-02
 2.5151E+22  8.8277E-01  1.1723E-01  9.4117E+03  1.0870E-03  6.1762E-01  3.6737E-01  1.5007E-02
 2.5460E+22  8.8653E-01  1.1347E-01  9.3937E+03  1.0870E-03  6.2823E-01  3.5743E-01  1.4348E-02
 2.5768E+22  8.9062E-01  1.0938E-01  9.3727E+03  1.0870E-03  6.4004E-01  3.4640E-01  1.3552E-02
 2.6077E+22  8.9451E-01  1.0549E-01  9.3502E+03  1.0870E-03  6.5124E-01  3.3590E-01  1.2860E-02
 2.6385E+22  8.9775E-01  1.0225E-01  9.3301E+03  1.0870E-03  6.6076E-01  3.2693E-01  1.2309E-02
 2.6694E+22  9.0095E-01  9.9055E-02  9.3067E+03  1.0870E-03  6.7051E-01  3.1773E-01  1.1766E-02
 2.7003E+22  9.0369E-01  9.6309E-02  9.2891E+03  1.0870E-03  6.7928E-01  3.0944E-01  1.1281E-02
 2.7311E+22  9.0657E-01  9.3426E-02  9.2685E+03  1.0870E-03  6.8855E-01  3.0077E-01  1.0684E-02
 2.7620E+22  9.0970E-01  9.0304E-02  9.2438E+03  1.0870E-03  6.9869E-01  2.9127E-01  1.0039E-02
 2.7928E+22  9.1222E-01  8.7783E-02  9.2230E+03  1.0870E-03  7.0667E-01  2.8370E-01  9.6232E-03
 2.8237E+22  9.1453E-01  8.5468E-02  9.2041E+03  1.0870E-03  7.1421E-01  2.7656E-01  9.2335E-03
 2.8546E+22  9.1657E-01  8.3428E-02  9.1887E+03  1.0870E-03  7.2120E-01  2.6995E-01  8.8513E-03
 2.8854E+22  9.1851E-01  8.1486E-02  9.1754E+03  1.0870E-03  7.2810E-01  2.6340E-01  8.4992E-03
 2.9163E+22  9.2066E-01  7.9336E-02  9.1590E+03  1.0870E-03  7.3558E-01  2.5637E-01  8.0487E-03
 2.9471E+22  9.2305E-01  7.6947E-02  9.1393E+03  1.0870E-03  7.4388E-01  2.4856E-01  7.5586E-03
 2.9780E+22  9.2479E-01  7.5214E-02  9.1239E+03  1.0870E-03  7.4965E-01  2.4308E-01  7.2663E-03
 3.0089E+22  9.2654E-01  7.3461E-02  9.1050E+03  1.0870E-03  7.5561E-01  2.3740E-01  6.9872E-03
 3.0397E+22  9.2803E-01  7.1966E-02  9.0888E+03  1.0870E-03  7.6082E-01  2.3245E-01  6.7292E-03
 3.0706E+22  9.2934E-01  7.0663E-02  9.0768E+03  1.0870E-03  7.6579E-01  2.2771E-01  6.4942E-03
 3.1014E+22  9.3090E-01  6.9098E-02  9.0597E+03  1.0870E-03  7.7138E-01  2.2244E-01  6.1747E-03
 3.1323E+22  9.3270E-01  6.7303E-02  9.0405E+03  1.0870E-03  7.7783E-01  2.1634E-01  5.8353E-03
 3.1632E+22  9.3433E-01  6.5673E-02  9.0216E+03  1.0870E-03  7.8353E-01  2.1092E-01  5.5462E-03
 3.1940E+22  9.3562E-01  6.4383E-02  9.0059E+03  1.0870E-03  7.8783E-01  2.0682E-01  5.3485E-03
 3.2249E+22  9.3667E-01  6.3334E-02  8.9935E+03  1.0870E-03  7.9452E-01  2.0038E-01  5.1044E-03
 3.2557E+22  9.3771E-01  6.2293E-02  8.9818E+03  1.0870E-03  7.9823E-01  1.9684E-01  4.9364E-03
 3.2866E+22  9.3866E-01  6.1344E-02  8.9728E+03  1.0870E-03  8.0193E-01  1.9330E-01  4.7770E-03
 3.3175E+22  9.3990E-01  6.0096E-02  8.9591E+03  1.0870E-03  8.0632E-01  1.8912E-01  4.5639E-03
 3.3483E+22  9.4118E-01  5.8821E-02  8.9451E+03  1.0870E-03  8.1078E-01  1.8487E-01  4.3451E-03
 3.3792E+22  9.4260E-01  5.7404E-02  8.9290E+03  1.0870E-03  8.1577E-01  1.8013E-01  4.1017E-03
 3.4100E+22  9.4356E-01  5.6442E-02  8.9171E+03  1.0870E-03  8.1884E-01  1.7719E-01  3.9698E-03
 3.4409E+22  9.4458E-01  5.5416E-02  8.9023E+03  1.0870E-03  8.2214E-01  1.7402E-01  3.8409E-03
 3.4718E+22  9.4544E-01  5.4561E-02  8.8893E+03  1.0870E-03  8.2503E-01  1.7125E-01  3.7242E-03
 3.5026E+22  9.4614E-01  5.3861E-02  8.8794E+03  1.0870E-03  8.2748E-01  1.6890E-01  3.6217E-03
 3.5335E+22  9.4687E-01  5.3128E-02  8.8697E+03  1.0870E-03  8.3015E-01  1.6634E-01  3.5141E-03
 3.5643E+22  9.4793E-01  5.2075E-02  8.8540E+03  1.0870E-03  8.3370E-01  1.6295E-01  3.3525E-03
 3.5952E+22  9.4890E-01  5.1104E-02  8.8400E+03  1.0870E-03  8.3687E-01  1.5991E-01  3.2172E-03
 3.6261E+22  9.5012E-01  4.9883E-02  8.8224E+03  1.0870E-03  8.4116E-01  1.5580E-01  3.0394E-03
 3.6569E+22  9.5091E-01  4.9090E-02  8.8101E+03  1.0870E-03  8.4360E-01  1.5345E-01  2.9476E-03
 3.6878E+22  9.5168E-01  4.8323E-02  8.7980E+03  1.0870E-03  8.4587E-01  1.5127E-01  2.8629E-03
 3.7186E+22  9.5239E-01  4.7610E-02  8.7874E+03  1.0870E-03  8.4812E-01  1.4909E-01  2.7833E-03
 3.7495E+22  9.5299E-01  4.7006E-02  8.7785E+03  1.0870E-03  8.5003E-01  1.4726E-01  2.7115E-03
 3.7804E+22  9.5347E-01  4.6525E-02  8.7728E+03  1.0870E-03  8.5173E-01  1.4562E-01  2.6470E-03
 3.8112E+22  9.5414E-01  4.5859E-02  8.7642E+03  1.0870E-03  8.5384E-01  1.4359E-01  2.5742E-03
 3.8421E+22  9.5516E-01  4.4838E-02  8.7500E+03  1.0870E-03  8.5737E-01  1.4019E-01  2.4419E-03
 3.8729E+22  9.5591E-01  4.4091E-02  8.7398E+03  1.0870E-03  8.5956E-01  1.3807E-01  2.3629E-03
 3.9038E+22  9.5686E-01  4.3144E-02  8.7270E+03  1.0870E-03  8.6277E-01  1.3498E-01  2.2461E-03
 3.9347E+22  9.5751E-01  4.2488E-02  8.7176E+03  1.0870E-03  8.6474E-01  1.3308E-01  2.1830E-03
 3.9655E+22  9.5813E-01  4.1866E-02  8.7086E+03  1.0870E-03  8.6647E-01  1.3141E-01  2.1271E-03
 3.9964E+22  9.5873E-01  4.1273E-02  8.6977E+03  1.0870E-03  8.6818E-01  1.2974E-01  2.0732E-03
 4.0272E+22  9.5926E-01  4.0739E-02  8.6885E+03  1.0870E-03  8.6987E-01  1.2811E-01  2.0234E-03
 4.0581E+22  9.5966E-01  4.0338E-02  8.6826E+03  1.0870E-03  8.7120E-01  1.2682E-01  1.9837E-03
 4.0890E+22  9.6016E-01  3.9836E-02  8.6753E+03  1.0870E-03  8.7284E-01  1.2523E-01  1.9314E-03
 4.1198E+22  9.6086E-01  3.9136E-02  8.6643E+03  1.0870E-03  8.7493E-01  1.2320E-01  1.8688E-03
 4.1507E+22  9.6167E-01  3.8334E-02  8.6508E+03  1.0870E-03  8.7764E-01  1.2058E-01  1.7855E-03
 4.1815E+22  9.6231E-01  3.7692E-02  8.6408E+03  1.0870E-03  8.7948E-01  1.1879E-01  1.7329E-03
 4.2124E+22  9.6308E-01  3.6923E-02  8.6287E+03  1.0870E-03  8.8203E-01  1.1631E-01  1.6566E-03
 4.2433E+22  9.6363E-01  3.6366E-02  8.6194E+03  1.0870E-03  8.8367E-01  1.1471E-01  1.6126E-03
 4.2741E+22  9.6419E-01  3.5815E-02  8.6107E+03  1.0870E-03  8.8525E-01  1.1317E-01  1.5742E-03
 4.3050E+22  9.6472E-01  3.5283E-02  8.6021E+03  1.0870E-03  8.8677E-01  1.1169E-01  1.5367E-03
 4.3358E+22  9.6513E-01  3.4868E-02  8.5961E+03  1.0870E-03  8.8806E-01  1.1044E-01  1.5041E-03
 4.3667E+22  9.6553E-01  3.4465E-02  8.5903E+03  1.0870E-03  8.8931E-01  1.0922E-01  1.4736E-03
 4.3976E+22  9.6590E-01  3.4098E-02  8.5868E+03  1.0870E-03  8.9051E-01  1.0804E-01  1.4453E-03
 4.4284E+22  9.6641E-01  3.3587E-02  8.5807E+03  1.0870E-03  8.9215E-01  1.0645E-01  1.4051E-03
 4.4593E+22  9.6712E-01  3.2881E-02  8.5719E+03  1.0870E-03  8.9437E-01  1.0427E-01  1.3528E-03
 4.4901E+22  9.6778E-01  3.2218E-02  8.5620E+03  1.0870E-03  8.9661E-01  1.0209E-01  1.2974E-03
 4.5210E+22  9.6833E-01  3.1665E-02  8.5549E+03  1.0870E-03  8.9826E-01  1.0048E-01  1.2625E-03
 4.5519E+22  9.6898E-01  3.1023E-02  8.5463E+03  1.0870E-03  9.0043E-01  9.8353E-02  1.2136E-03
 4.5827E+22  9.6948E-01  3.0516E-02  8.5383E+03  1.0870E-03  9.0204E-01  9.6777E-02  1.1781E-03
 4.6136E+22  9.6995E-01  3.0048E-02  8.5308E+03  1.0870E-03  9.0344E-01  9.5410E-02  1.1501E-03
