 1.5430E+20  1.2431E-06  1.0000E+00  6.1622E+04  1.0870E-03  1.9563E-09  3.1772E-04  9.9968E-01
 4.6290E+20  1.1063E-05  9.9999E-01  4.7158E+04  1.0870E-03  1.0077E-07  2.7870E-03  9.9721E-01
 7.7150E+20  3.9935E-05  9.9996E-01  3.7271E+04  1.0870E-03  9.9727E-07  9.1598E-03  9.9084E-01
 1.0801E+21  9.8146E-05  9.9990E-01  3.1380E+04  1.0870E-03  3.1731E-06  2.0300E-02  9.7970E-01
 1.3887E+21  1.8869E-04  9.9981E-01  2.7961E+04  1.0870E-03  1.0654E-05  3.6124E-02  9.6387E-01
 1.6973E+21  3.2344E-04  9.9968E-01  2.5344E+04  1.0870E-03  2.8483E-05  5.7125E-02  9.4285E-01
 2.0059E+21  4.9706E-04  9.9950E-01  2.3653E+04  1.0870E-03  6.2573E-05  8.1893E-02  9.1804E-01
 2.3145E+21  7.2295E-04  9.9928E-01  2.2274E+04  1.0870E-03  1.2302E-04  1.1078E-01  8.8910E-01
 2.6231E+21  1.0005E-03  9.9900E-01  2.1113E+04  1.0870E-03  2.2146E-04  1.4339E-01  8.5639E-01
 2.9317E+21  1.3419E-03  9.9866E-01  2.0101E+04  1.0870E-03  3.6832E-04  1.7846E-01  8.2117E-01
 3.2403E+21  1.7318E-03  9.9827E-01  1.9363E+04  1.0870E-03  5.7086E-04  2.1464E-01  7.8479E-01
 3.5489E+21  2.1889E-03  9.9781E-01  1.8722E+04  1.0870E-03  8.5046E-04  2.5299E-01  7.4616E-01
 3.8575E+21  2.7113E-03  9.9729E-01  1.8147E+04  1.0870E-03  1.2141E-03  2.9136E-01  7.0742E-01
 4.1661E+21  3.3020E-03  9.9670E-01  1.7622E+04  1.0870E-03  1.6734E-03  3.2977E-01  6.6856E-01
 4.4747E+21  3.9717E-03  9.9603E-01  1.7140E+04  1.0870E-03  2.2459E-03  3.6775E-01  6.3000E-01
 4.7833E+21  4.7368E-03  9.9526E-01  1.6688E+04  1.0870E-03  2.9536E-03  4.0638E-01  5.9067E-01
 5.0919E+21  5.5812E-03  9.9442E-01  1.6276E+04  1.0870E-03  3.7886E-03  4.4277E-01  5.5345E-01
 5.4005E+21  6.5260E-03  9.9347E-01  1.5885E+04  1.0870E-03  4.7833E-03  4.7889E-01  5.1632E-01
 5.7091E+21  7.5471E-03  9.9245E-01  1.5588E+04  1.0870E-03  5.8689E-03  5.1053E-01  4.8360E-01
 6.0177E+21  8.6396E-03  9.9136E-01  1.5317E+04  1.0870E-03  7.1390E-03  5.4269E-01  4.5017E-01
 6.3263E+21  9.8015E-03  9.9020E-01  1.5071E+04  1.0870E-03  8.5552E-03  5.7255E-01  4.1889E-01
 6.6349E+21  1.1231E-02  9.8877E-01  1.4818E+04  1.0870E-03  1.0159E-02  6.0036E-01  3.8948E-01
 6.9435E+21  1.2516E-02  9.8748E-01  1.4602E+04  1.0870E-03  1.1848E-02  6.2595E-01  3.6220E-01
 7.2521E+21  1.4221E-02  9.8578E-01  1.4374E+04  1.0870E-03  1.3821E-02  6.5004E-01  3.3613E-01
 7.5607E+21  1.5899E-02  9.8410E-01  1.4172E+04  1.0870E-03  1.5876E-02  6.7254E-01  3.1159E-01
 7.8693E+21  1.7737E-02  9.8226E-01  1.3972E+04  1.0870E-03  1.8224E-02  6.9376E-01  2.8801E-01
 8.1779E+21  1.9885E-02  9.8011E-01  1.3783E+04  1.0870E-03  2.0669E-02  7.1246E-01  2.6687E-01
 8.4865E+21  2.2229E-02  9.7777E-01  1.3597E+04  1.0870E-03  2.3258E-02  7.2810E-01  2.4864E-01
 8.7951E+21  2.4552E-02  9.7545E-01  1.3431E+04  1.0870E-03  2.6144E-02  7.4402E-01  2.2983E-01
 9.1037E+21  2.7322E-02  9.7268E-01  1.3256E+04  1.0870E-03  2.9345E-02  7.5960E-01  2.1105E-01
 9.4123E+21  3.0354E-02  9.6965E-01  1.3101E+04  1.0870E-03  3.2366E-02  7.6992E-01  1.9771E-01
 9.7209E+21  3.3780E-02  9.6622E-01  1.2939E+04  1.0870E-03  3.6016E-02  7.8212E-01  1.8186E-01
 1.0030E+22  3.7564E-02  9.6244E-01  1.2781E+04  1.0870E-03  3.9771E-02  7.9208E-01  1.6815E-01
 1.0338E+22  4.1737E-02  9.5826E-01  1.2639E+04  1.0870E-03  4.3615E-02  7.9961E-01  1.5678E-01
 1.0647E+22  4.6433E-02  9.5357E-01  1.2503E+04  1.0870E-03  4.8027E-02  8.0821E-01  1.4376E-01
 1.0955E+22  5.1562E-02  9.4844E-01  1.2395E+04  1.0870E-03  5.2155E-02  8.1265E-01  1.3519E-01
 1.1264E+22  5.7433E-02  9.4257E-01  1.2283E+04  1.0870E-03  5.7098E-02  8.1907E-01  1.2383E-01
 1.1573E+22  6.4011E-02  9.3599E-01  1.2173E+04  1.0870E-03  6.1755E-02  8.2172E-01  1.1653E-01
 1.1881E+22  7.1567E-02  9.2843E-01  1.2063E+04  1.0870E-03  6.7228E-02  8.2557E-01  1.0720E-01
 1.2190E+22  8.0093E-02  9.1991E-01  1.1958E+04  1.0870E-03  7.2630E-02  8.2712E-01  1.0025E-01
 1.2498E+22  8.9994E-02  9.1001E-01  1.1847E+04  1.0870E-03  7.8486E-02  8.2815E-01  9.3369E-02
 1.2807E+22  1.0139E-01  8.9861E-01  1.1748E+04  1.0870E-03  8.5024E-02  8.2869E-01  8.6288E-02
 1.3116E+22  1.1476E-01  8.8524E-01  1.1640E+04  1.0870E-03  9.2651E-02  8.2579E-01  8.1555E-02
 1.3424E+22  1.3040E-01  8.6960E-01  1.1535E+04  1.0870E-03  1.0161E-01  8.2350E-01  7.4890E-02
 1.3733E+22  1.4828E-01  8.5172E-01  1.1437E+04  1.0870E-03  1.1026E-01  8.1893E-01  7.0809E-02
 1.4041E+22  1.6908E-01  8.3092E-01  1.1329E+04  1.0870E-03  1.1981E-01  8.1395E-01  6.6241E-02
 1.4350E+22  1.9285E-01  8.0715E-01  1.1231E+04  1.0870E-03  1.3002E-01  8.0840E-01  6.1580E-02
 1.4659E+22  2.1966E-01  7.8034E-01  1.1129E+04  1.0870E-03  1.3988E-01  8.0110E-01  5.9020E-02
 1.4967E+22  2.4981E-01  7.5019E-01  1.1027E+04  1.0870E-03  1.5086E-01  7.9376E-01  5.5384E-02
 1.5276E+22  2.8282E-01  7.1718E-01  1.0933E+04  1.0870E-03  1.6199E-01  7.8557E-01  5.2438E-02
 1.5584E+22  3.1824E-01  6.8176E-01  1.0837E+04  1.0870E-03  1.7289E-01  7.7637E-01  5.0739E-02
 1.5893E+22  3.5603E-01  6.4397E-01  1.0796E+04  1.0870E-03  1.8470E-01  7.6702E-01  4.8277E-02
 1.6202E+22  3.9515E-01  6.0485E-01  1.0659E+04  1.0870E-03  1.9640E-01  7.5703E-01  4.6569E-02
 1.6510E+22  4.3351E-01  5.6649E-01  1.0576E+04  1.0870E-03  2.0821E-01  7.4631E-01  4.5478E-02
 1.6819E+22  4.7136E-01  5.2864E-01  1.0499E+04  1.0870E-03  2.2099E-01  7.3524E-01  4.3779E-02
 1.7127E+22  5.0773E-01  4.9227E-01  1.0424E+04  1.0870E-03  2.3387E-01  7.2356E-01  4.2568E-02
 1.7436E+22  5.4209E-01  4.5791E-01  1.0352E+04  1.0870E-03  2.4695E-01  7.1131E-01  4.1735E-02
 1.7745E+22  5.7432E-01  4.2568E-01  1.0285E+04  1.0870E-03  2.6099E-01  6.9865E-01  4.0366E-02
 1.8053E+22  6.0491E-01  3.9509E-01  1.0227E+04  1.0870E-03  2.7479E-01  6.8592E-01  3.9287E-02
 1.8362E+22  6.3211E-01  3.6789E-01  1.0165E+04  1.0870E-03  2.8901E-01  6.7250E-01  3.8489E-02
 1.8670E+22  6.5714E-01  3.4286E-01  1.0104E+04  1.0870E-03  3.0458E-01  6.5823E-01  3.7185E-02
 1.8979E+22  6.8009E-01  3.1991E-01  1.0050E+04  1.0870E-03  3.2084E-01  6.4335E-01  3.5818E-02
 1.9288E+22  7.0009E-01  2.9991E-01  1.0006E+04  1.0870E-03  3.3572E-01  6.2935E-01  3.4931E-02
 1.9596E+22  7.1959E-01  2.8041E-01  9.9585E+03  1.0870E-03  3.5130E-01  6.1495E-01  3.3750E-02
 1.9905E+22  7.3686E-01  2.6314E-01  9.9150E+03  1.0870E-03  3.6875E-01  5.9888E-01  3.2372E-02
 2.0213E+22  7.5163E-01  2.4837E-01  9.8800E+03  1.0870E-03  3.8417E-01  5.8459E-01  3.1242E-02
 2.0522E+22  7.6627E-01  2.3373E-01  9.8447E+03  1.0870E-03  4.0047E-01  5.6942E-01  3.0107E-02
 2.0831E+22  7.7877E-01  2.2123E-01  9.8099E+03  1.0870E-03  4.1726E-01  5.5391E-01  2.8827E-02
 2.1139E+22  7.9090E-01  2.0910E-01  9.7797E+03  1.0870E-03  4.3296E-01  5.3944E-01  2.7595E-02
 2.1448E+22  8.0148E-01  1.9852E-01  9.7485E+03  1.0870E-03  4.4935E-01  5.2412E-01  2.6525E-02
 2.1756E+22  8.1148E-01  1.8852E-01  9.7123E+03  1.0870E-03  4.6473E-01  5.0996E-01  2.5309E-02
 2.2065E+22  8.2082E-01  1.7918E-01  9.6772E+03  1.0870E-03  4.8108E-01  4.9472E-01  2.4209E-02
 2.2374E+22  8.2920E-01  1.7080E-01  9.6472E+03  1.0870E-03  4.9592E-01  4.8100E-01  2.3080E-02
 2.2682E+22  8.3688E-01  1.6312E-01  9.6224E+03  1.0870E-03  5.1091E-01  4.6697E-01  2.2124E-02
 2.2991E+22  8.4430E-01  1.5570E-01  9.5946E+03  1.0870E-03  5.2589E-01  4.5313E-01  2.0984E-02
 2.3299E+22  8.5093E-01  1.4907E-01  9.5676E+03  1.0870E-03  5.4003E-01  4.3992E-01  2.0048E-02
 2.3608E+22  8.5729E-01  1.4271E-01  9.5420E+03  1.0870E-03  5.5409E-01  4.2678E-01  1.9130E-02
 2.3917E+22  8.6284E-01  1.3716E-01  9.5161E+03  1.0870E-03  5.6705E-01  4.1466E-01  1.8290E-02
 2.4225E+22  8.6848E-01  1.3152E-01  9.4893E+03  1.0870E-03  5.8079E-01  4.0188E-01  1.7328E-02
 2.4534E+22  8.7362E-01  1.2638E-01  9.4606E+03  1.0870E-03  5.9361E-01  3.8993E-01  1.6457E-02
 2.4842E+22  8.7830E-01  1.2170E-01  9.4343E+03  1.0870E-03  6.0564E-01  3.7862E-01  1.5737E-02
 2.5151E+22  8.8277E-01  1.1723E-01  9.4117E+03  1.0870E-03  6.1762E-01  3.6737E-01  1.5007E-02
 2.5460E+22  8.8653E-01  1.1347E-01  9.3937E+03  1.0870E-03  6.2823E-01  3.5742E-01  1.4347E-02
 2.5768E+22  8.9063E-01  1.0937E-01  9.3727E+03  1.0870E-03  6.4006E-01  3.4639E-01  1.3552E-02
 2.6077E+22  8.9451E-01  1.0549E-01  9.3502E+03  1.0870E-03  6.5126E-01  3.3588E-01  1.2859E-02
 2.6385E+22  8.9775E-01  1.0225E-01  9.3302E+03  1.0870E-03  6.6079E-01  3.2690E-01  1.2308E-02
 2.6694E+22  9.0095E-01  9.9051E-02  9.3067E+03  1.0870E-03  6.7056E-01  3.1767E-01  1.1764E-02
 2.7003E+22  9.0370E-01  9.6305E-02  9.2892E+03  1.0870E-03  6.7936E-01  3.0936E-01  1.1278E-02
 2.7311E+22  9.0658E-01  9.3422E-02  9.2686E+03  1.0870E-03  6.8866E-01  3.0066E-01  1.0680E-02
 2.7620E+22  9.0970E-01  9.0300E-02  9.2440E+03  1.0870E-03  6.9884E-01  2.9112E-01  1.0034E-02
 2.7928E+22  9.1222E-01  8.7781E-02  9.2232E+03  1.0870E-03  7.0688E-01  2.8351E-01  9.6158E-03
 2.8237E+22  9.1453E-01  8.5467E-02  9.2043E+03  1.0870E-03  7.1447E-01  2.7631E-01  9.2242E-03
 2.8546E+22  9.1657E-01  8.3429E-02  9.1890E+03  1.0870E-03  7.2152E-01  2.6964E-01  8.8398E-03
 2.8854E+22  9.1851E-01  8.1490E-02  9.1757E+03  1.0870E-03  7.2850E-01  2.6302E-01  8.4850E-03
 2.9163E+22  9.2065E-01  7.9347E-02  9.1594E+03  1.0870E-03  7.3608E-01  2.5589E-01  8.0310E-03
 2.9471E+22  9.2303E-01  7.6965E-02  9.1397E+03  1.0870E-03  7.4449E-01  2.4798E-01  7.5376E-03
 2.9780E+22  9.2476E-01  7.5240E-02  9.1244E+03  1.0870E-03  7.5036E-01  2.4240E-01  7.2418E-03
 3.0089E+22  9.2650E-01  7.3495E-02  9.1057E+03  1.0870E-03  7.5643E-01  2.3661E-01  6.9592E-03
 3.0397E+22  9.2798E-01  7.2017E-02  9.0895E+03  1.0870E-03  7.6175E-01  2.3155E-01  6.6971E-03
 3.0706E+22  9.2928E-01  7.0721E-02  9.0775E+03  1.0870E-03  7.6684E-01  2.2670E-01  6.4587E-03
 3.1014E+22  9.3083E-01  6.9170E-02  9.0606E+03  1.0870E-03  7.7258E-01  2.2129E-01  6.1346E-03
 3.1323E+22  9.3260E-01  6.7396E-02  9.0413E+03  1.0870E-03  7.7919E-01  2.1502E-01  5.7904E-03
 3.1632E+22  9.3421E-01  6.5787E-02  9.0225E+03  1.0870E-03  7.8503E-01  2.0947E-01  5.4973E-03
 3.1940E+22  9.3548E-01  6.4516E-02  9.0067E+03  1.0870E-03  7.8948E-01  2.0523E-01  5.2954E-03
 3.2249E+22  9.3652E-01  6.3479E-02  8.9946E+03  1.0870E-03  7.9644E-01  1.9851E-01  5.0436E-03
 3.2557E+22  9.3754E-01  6.2462E-02  8.9828E+03  1.0870E-03  8.0020E-01  1.9492E-01  4.8739E-03
 3.2866E+22  9.3846E-01  6.1535E-02  8.9738E+03  1.0870E-03  8.0402E-01  1.9127E-01  4.7110E-03
 3.3175E+22  9.3968E-01  6.0322E-02  8.9600E+03  1.0870E-03  8.0856E-01  1.8695E-01  4.4935E-03
 3.3483E+22  9.4092E-01  5.9082E-02  8.9459E+03  1.0870E-03  8.1319E-01  1.8254E-01  4.2704E-03
 3.3792E+22  9.4230E-01  5.7704E-02  8.9297E+03  1.0870E-03  8.1830E-01  1.7767E-01  4.0245E-03
 3.4100E+22  9.4323E-01  5.6772E-02  8.9177E+03  1.0870E-03  8.2150E-01  1.7461E-01  3.8891E-03
 3.4409E+22  9.4422E-01  5.5781E-02  8.9030E+03  1.0870E-03  8.2493E-01  1.7132E-01  3.7569E-03
 3.4718E+22  9.4504E-01  5.4961E-02  8.8898E+03  1.0870E-03  8.2791E-01  1.6845E-01  3.6374E-03
 3.5026E+22  9.4570E-01  5.4296E-02  8.8797E+03  1.0870E-03  8.3045E-01  1.6602E-01  3.5325E-03
 3.5335E+22  9.4640E-01  5.3599E-02  8.8698E+03  1.0870E-03  8.3324E-01  1.6334E-01  3.4216E-03
 3.5643E+22  9.4740E-01  5.2597E-02  8.8539E+03  1.0870E-03  8.3692E-01  1.5983E-01  3.2569E-03
 3.5952E+22  9.4832E-01  5.1677E-02  8.8395E+03  1.0870E-03  8.4021E-01  1.5667E-01  3.1188E-03
 3.6261E+22  9.4950E-01  5.0503E-02  8.8216E+03  1.0870E-03  8.4460E-01  1.5246E-01  2.9398E-03
 3.6569E+22  9.5024E-01  4.9758E-02  8.8091E+03  1.0870E-03  8.4710E-01  1.5006E-01  2.8463E-03
 3.6878E+22  9.5096E-01  4.9036E-02  8.7967E+03  1.0870E-03  8.4943E-01  1.4781E-01  2.7596E-03
 3.7186E+22  9.5163E-01  4.8366E-02  8.7858E+03  1.0870E-03  8.5175E-01  1.4558E-01  2.6785E-03
 3.7495E+22  9.5219E-01  4.7808E-02  8.7766E+03  1.0870E-03  8.5367E-01  1.4372E-01  2.6057E-03
 3.7804E+22  9.5263E-01  4.7374E-02  8.7705E+03  1.0870E-03  8.5544E-01  1.4202E-01  2.5394E-03
 3.8112E+22  9.5323E-01  4.6769E-02  8.7614E+03  1.0870E-03  8.5761E-01  1.3992E-01  2.4637E-03
 3.8421E+22  9.5419E-01  4.5811E-02  8.7467E+03  1.0870E-03  8.6112E-01  1.3655E-01  2.3327E-03
 3.8729E+22  9.5487E-01  4.5133E-02  8.7360E+03  1.0870E-03  8.6334E-01  1.3441E-01  2.2524E-03
 3.9038E+22  9.5575E-01  4.4247E-02  8.7227E+03  1.0870E-03  8.6652E-01  1.3135E-01  2.1366E-03
 3.9347E+22  9.5636E-01  4.3643E-02  8.7129E+03  1.0870E-03  8.6846E-01  1.2947E-01  2.0734E-03
 3.9655E+22  9.5692E-01  4.3076E-02  8.7013E+03  1.0870E-03  8.7017E-01  1.2782E-01  2.0168E-03
 3.9964E+22  9.5747E-01  4.2533E-02  8.6895E+03  1.0870E-03  8.7185E-01  1.2619E-01  1.9629E-03
 4.0272E+22  9.5795E-01  4.2046E-02  8.6796E+03  1.0870E-03  8.7349E-01  1.2459E-01  1.9130E-03
 4.0581E+22  9.5830E-01  4.1698E-02  8.6732E+03  1.0870E-03  8.7476E-01  1.2337E-01  1.8736E-03
 4.0890E+22  9.5874E-01  4.1260E-02  8.6649E+03  1.0870E-03  8.7635E-01  1.2183E-01  1.8210E-03
 4.1198E+22  9.5936E-01  4.0645E-02  8.6526E+03  1.0870E-03  8.7832E-01  1.1992E-01  1.7588E-03
 4.1507E+22  9.6010E-01  3.9904E-02  8.6382E+03  1.0870E-03  8.8090E-01  1.1743E-01  1.6781E-03
 4.1815E+22  9.6066E-01  3.9342E-02  8.6271E+03  1.0870E-03  8.8258E-01  1.1580E-01  1.6265E-03
 4.2124E+22  9.6136E-01  3.8642E-02  8.6139E+03  1.0870E-03  8.8493E-01  1.1351E-01  1.5533E-03
 4.2433E+22  9.6186E-01  3.8142E-02  8.6038E+03  1.0870E-03  8.8644E-01  1.1205E-01  1.5106E-03
 4.2741E+22  9.6235E-01  3.7654E-02  8.5941E+03  1.0870E-03  8.8786E-01  1.1067E-01  1.4734E-03
 4.3050E+22  9.6282E-01  3.7180E-02  8.5846E+03  1.0870E-03  8.8919E-01  1.0937E-01  1.4376E-03
 4.3358E+22  9.6318E-01  3.6822E-02  8.5778E+03  1.0870E-03  8.9032E-01  1.0828E-01  1.4066E-03
 4.3667E+22  9.6353E-01  3.6469E-02  8.5712E+03  1.0870E-03  8.9140E-01  1.0722E-01  1.3778E-03
 4.3976E+22  9.6383E-01  3.6174E-02  8.5665E+03  1.0870E-03  8.9241E-01  1.0624E-01  1.3507E-03
 4.4284E+22  9.6426E-01  3.5743E-02  8.5591E+03  1.0870E-03  8.9381E-01  1.0487E-01  1.3125E-03
 4.4593E+22  9.6486E-01  3.5141E-02  8.5485E+03  1.0870E-03  8.9564E-01  1.0310E-01  1.2645E-03
 4.4901E+22  9.6546E-01  3.4538E-02  8.5377E+03  1.0870E-03  8.9759E-01  1.0120E-01  1.2134E-03
 4.5210E+22  9.6593E-01  3.4068E-02  8.5295E+03  1.0870E-03  8.9889E-01  9.9923E-02  1.1820E-03
 4.5519E+22  9.6650E-01  3.3504E-02  8.5203E+03  1.0870E-03  9.0066E-01  9.8199E-02  1.1386E-03
 4.5827E+22  9.6695E-01  3.3054E-02  8.5124E+03  1.0870E-03  9.0199E-01  9.6906E-02  1.1069E-03
 4.6136E+22  9.6735E-01  3.2655E-02  8.5042E+03  1.0870E-03  9.0305E-01  9.5865E-02  1.0830E-03
