 2.204E+23  5.173E-09  1.000E+00  4.288E+04  1.936E-04  1.000E-12  1.141E-06
 1.000E+00
 6.613E+23  3.218E-08  1.000E+00  4.527E+04  1.936E-04  1.000E-12  7.143E-06
 1.000E+00
 1.102E+24  1.125E-07  1.000E+00  4.321E+04  1.936E-04  5.875E-12  2.488E-05
 1.000E+00
 1.543E+24  2.231E-07  1.000E+00  4.027E+04  1.936E-04  2.203E-11  4.900E-05
 1.000E+00
 1.984E+24  3.344E-07  1.000E+00  3.788E+04  1.936E-04  4.802E-11  7.302E-05
 9.999E-01
 2.425E+24  4.286E-07  1.000E+00  3.577E+04  1.936E-04  7.710E-11  9.309E-05
 9.999E-01
 2.866E+24  4.957E-07  1.000E+00  3.396E+04  1.936E-04  1.013E-10  1.071E-04
 9.999E-01
 3.306E+24  4.793E-07  1.000E+00  3.614E+04  1.936E-04  9.690E-11  1.043E-04
 9.999E-01
 3.747E+24  4.891E-07  1.000E+00  3.398E+04  1.936E-04  9.861E-11  1.057E-04
 9.999E-01
 4.188E+24  4.184E-07  1.000E+00  3.580E+04  1.936E-04  7.349E-11  9.087E-05
 9.999E-01
 4.629E+24  3.246E-07  1.000E+00  3.791E+04  1.936E-04  4.526E-11  7.089E-05
 9.999E-01
 5.070E+24  2.169E-07  1.000E+00  4.028E+04  1.936E-04  2.083E-11  4.764E-05
 1.000E+00
 5.511E+24  1.104E-07  1.000E+00  4.323E+04  1.936E-04  5.652E-12  2.440E-05
 1.000E+00
 5.952E+24  3.195E-08  1.000E+00  4.528E+04  1.936E-04  1.000E-12  7.092E-06
 1.000E+00
 6.392E+24  5.166E-09  1.000E+00  4.288E+04  1.936E-04  1.000E-12  1.139E-06
 1.000E+00
 6.833E+24  3.196E-08  1.000E+00  4.528E+04  1.936E-04  1.000E-12  7.094E-06
 1.000E+00
 7.274E+24  1.106E-07  1.000E+00  4.323E+04  1.936E-04  5.679E-12  2.446E-05
 1.000E+00
 7.715E+24  2.184E-07  1.000E+00  4.028E+04  1.936E-04  2.112E-11  4.797E-05
 1.000E+00
 8.156E+24  3.294E-07  1.000E+00  3.789E+04  1.936E-04  4.660E-11  7.193E-05
 9.999E-01
 8.597E+24  4.295E-07  1.000E+00  3.575E+04  1.936E-04  7.742E-11  9.328E-05
 9.999E-01
 9.038E+24  5.123E-07  1.000E+00  3.376E+04  1.936E-04  1.080E-10  1.106E-04
 9.999E-01
 9.478E+24  5.390E-07  1.000E+00  3.408E+04  1.936E-04  1.200E-10  1.166E-04
 9.999E-01
 9.919E+24  5.511E-07  1.000E+00  3.356E+04  1.936E-04  1.247E-10  1.190E-04
 9.999E-01
 1.036E+25  5.236E-07  1.000E+00  3.374E+04  1.936E-04  1.128E-10  1.131E-04
 9.999E-01
 1.080E+25  4.437E-07  1.000E+00  3.572E+04  1.936E-04  8.262E-11  9.638E-05
 9.999E-01
 1.124E+25  3.419E-07  1.000E+00  3.786E+04  1.936E-04  5.018E-11  7.466E-05
 9.999E-01
 1.168E+25  2.260E-07  1.000E+00  4.026E+04  1.936E-04  2.259E-11  4.963E-05
 1.000E+00
 1.212E+25  1.132E-07  1.000E+00  4.321E+04  1.936E-04  5.942E-12  2.502E-05
 1.000E+00
 1.256E+25  3.223E-08  1.000E+00  4.527E+04  1.936E-04  1.000E-12  7.153E-06
 1.000E+00
 1.301E+25  5.174E-09  1.000E+00  4.288E+04  1.936E-04  1.000E-12  1.141E-06
 1.000E+00
