 2.204E+23  4.691E-09  1.000E+00  4.743E+04  1.936E-04  1.000E-12  1.047E-06
 1.000E+00
 6.613E+23  2.911E-08  1.000E+00  5.016E+04  1.936E-04  1.000E-12  6.542E-06
 1.000E+00
 1.102E+24  1.020E-07  1.000E+00  4.782E+04  1.936E-04  5.401E-12  2.281E-05
 1.000E+00
 1.543E+24  2.027E-07  1.000E+00  4.445E+04  1.936E-04  1.961E-11  4.505E-05
 1.000E+00
 1.984E+24  3.047E-07  1.000E+00  4.172E+04  1.936E-04  4.210E-11  6.729E-05
 9.999E-01
 2.425E+24  3.916E-07  1.000E+00  3.929E+04  1.936E-04  6.716E-11  8.598E-05
 9.999E-01
 2.866E+24  4.544E-07  1.000E+00  3.720E+04  1.936E-04  8.809E-11  9.915E-05
 9.999E-01
 3.306E+24  4.378E-07  1.000E+00  3.971E+04  1.936E-04  8.446E-11  9.630E-05
 9.999E-01
 3.747E+24  4.483E-07  1.000E+00  3.722E+04  1.936E-04  8.578E-11  9.784E-05
 9.999E-01
 4.188E+24  3.824E-07  1.000E+00  3.932E+04  1.936E-04  6.402E-11  8.393E-05
 9.999E-01
 4.629E+24  2.958E-07  1.000E+00  4.174E+04  1.936E-04  3.968E-11  6.531E-05
 9.999E-01
 5.070E+24  1.971E-07  1.000E+00  4.446E+04  1.936E-04  1.854E-11  4.380E-05
 1.000E+00
 5.511E+24  9.999E-08  1.000E+00  4.783E+04  1.936E-04  5.197E-12  2.238E-05
 1.000E+00
 5.952E+24  2.890E-08  1.000E+00  5.017E+04  1.936E-04  1.000E-12  6.495E-06
 1.000E+00
 6.392E+24  4.685E-09  1.000E+00  4.743E+04  1.936E-04  1.000E-12  1.045E-06
 1.000E+00
 6.833E+24  2.891E-08  1.000E+00  5.017E+04  1.936E-04  1.000E-12  6.497E-06
 1.000E+00
 7.274E+24  1.002E-07  1.000E+00  4.783E+04  1.936E-04  5.222E-12  2.243E-05
 1.000E+00
 7.715E+24  1.985E-07  1.000E+00  4.446E+04  1.936E-04  1.880E-11  4.410E-05
 1.000E+00
 8.156E+24  3.001E-07  1.000E+00  4.172E+04  1.936E-04  4.086E-11  6.628E-05
 9.999E-01
 8.597E+24  3.926E-07  1.000E+00  3.927E+04  1.936E-04  6.744E-11  8.617E-05
 9.999E-01
 9.038E+24  4.697E-07  1.000E+00  3.696E+04  1.936E-04  9.395E-11  1.025E-04
 9.999E-01
 9.478E+24  4.939E-07  1.000E+00  3.734E+04  1.936E-04  1.043E-10  1.079E-04
 9.999E-01
 9.919E+24  5.055E-07  1.000E+00  3.673E+04  1.936E-04  1.085E-10  1.102E-04
 9.999E-01
 1.036E+25  4.800E-07  1.000E+00  3.694E+04  1.936E-04  9.813E-11  1.047E-04
 9.999E-01
 1.080E+25  4.056E-07  1.000E+00  3.923E+04  1.936E-04  7.196E-11  8.903E-05
 9.999E-01
 1.124E+25  3.115E-07  1.000E+00  4.169E+04  1.936E-04  4.399E-11  6.879E-05
 9.999E-01
 1.168E+25  2.053E-07  1.000E+00  4.444E+04  1.936E-04  2.011E-11  4.562E-05
 1.000E+00
 1.212E+25  1.026E-07  1.000E+00  4.781E+04  1.936E-04  5.463E-12  2.295E-05
 1.000E+00
 1.256E+25  2.916E-08  1.000E+00  5.016E+04  1.936E-04  1.000E-12  6.551E-06
 1.000E+00
 1.301E+25  4.692E-09  1.000E+00  4.743E+04  1.936E-04  1.000E-12  1.047E-06
 1.000E+00
