 2.204E+23  5.078E-09  1.000E+00  4.371E+04  1.936E-04  1.000E-12  1.122E-06
 1.000E+00
 6.613E+23  3.158E-08  1.000E+00  4.617E+04  1.936E-04  1.000E-12  7.024E-06
 1.000E+00
 1.102E+24  1.104E-07  1.000E+00  4.406E+04  1.936E-04  5.756E-12  2.447E-05
 1.000E+00
 1.543E+24  2.191E-07  1.000E+00  4.103E+04  1.936E-04  2.149E-11  4.823E-05
 1.000E+00
 1.984E+24  3.286E-07  1.000E+00  3.858E+04  1.936E-04  4.676E-11  7.191E-05
 9.999E-01
 2.425E+24  4.215E-07  1.000E+00  3.641E+04  1.936E-04  7.506E-11  9.170E-05
 9.999E-01
 2.866E+24  4.876E-07  1.000E+00  3.455E+04  1.936E-04  9.860E-11  1.056E-04
 9.999E-01
 3.306E+24  4.713E-07  1.000E+00  3.678E+04  1.936E-04  9.433E-11  1.028E-04
 9.999E-01
 3.747E+24  4.812E-07  1.000E+00  3.457E+04  1.936E-04  9.601E-11  1.041E-04
 9.999E-01
 4.188E+24  4.114E-07  1.000E+00  3.644E+04  1.936E-04  7.154E-11  8.952E-05
 9.999E-01
 4.629E+24  3.190E-07  1.000E+00  3.860E+04  1.936E-04  4.408E-11  6.980E-05
 9.999E-01
 5.070E+24  2.130E-07  1.000E+00  4.105E+04  1.936E-04  2.032E-11  4.689E-05
 1.000E+00
 5.511E+24  1.083E-07  1.000E+00  4.407E+04  1.936E-04  5.537E-12  2.400E-05
 1.000E+00
 5.952E+24  3.134E-08  1.000E+00  4.617E+04  1.936E-04  1.000E-12  6.974E-06
 1.000E+00
 6.392E+24  5.071E-09  1.000E+00  4.371E+04  1.936E-04  1.000E-12  1.121E-06
 1.000E+00
 6.833E+24  3.135E-08  1.000E+00  4.617E+04  1.936E-04  1.000E-12  6.977E-06
 1.000E+00
 7.274E+24  1.086E-07  1.000E+00  4.407E+04  1.936E-04  5.563E-12  2.406E-05
 1.000E+00
 7.715E+24  2.145E-07  1.000E+00  4.104E+04  1.936E-04  2.060E-11  4.722E-05
 1.000E+00
 8.156E+24  3.237E-07  1.000E+00  3.859E+04  1.936E-04  4.539E-11  7.083E-05
 9.999E-01
 8.597E+24  4.223E-07  1.000E+00  3.639E+04  1.936E-04  7.537E-11  9.190E-05
 9.999E-01
 9.038E+24  5.042E-07  1.000E+00  3.434E+04  1.936E-04  1.052E-10  1.091E-04
 9.999E-01
 9.478E+24  5.303E-07  1.000E+00  3.467E+04  1.936E-04  1.168E-10  1.149E-04
 9.999E-01
 9.919E+24  5.420E-07  1.000E+00  3.413E+04  1.936E-04  1.214E-10  1.173E-04
 9.999E-01
 1.036E+25  5.153E-07  1.000E+00  3.432E+04  1.936E-04  1.098E-10  1.115E-04
 9.999E-01
 1.080E+25  4.363E-07  1.000E+00  3.636E+04  1.936E-04  8.043E-11  9.495E-05
 9.999E-01
 1.124E+25  3.359E-07  1.000E+00  3.856E+04  1.936E-04  4.887E-11  7.352E-05
 9.999E-01
 1.168E+25  2.219E-07  1.000E+00  4.102E+04  1.936E-04  2.204E-11  4.884E-05
 1.000E+00
 1.212E+25  1.111E-07  1.000E+00  4.405E+04  1.936E-04  5.822E-12  2.461E-05
 1.000E+00
 1.256E+25  3.161E-08  1.000E+00  4.617E+04  1.936E-04  1.000E-12  7.035E-06
 1.000E+00
 1.301E+25  5.079E-09  1.000E+00  4.371E+04  1.936E-04  1.000E-12  1.122E-06
 1.000E+00
