 2.204E+23  4.593E-09  1.000E+00  4.847E+04  1.936E-04  1.000E-12  1.027E-06
 1.000E+00
 6.613E+23  2.850E-08  1.000E+00  5.127E+04  1.936E-04  1.000E-12  6.419E-06
 1.000E+00
 1.102E+24  9.981E-08  1.000E+00  4.886E+04  1.936E-04  5.353E-12  2.239E-05
 1.000E+00
 1.543E+24  1.986E-07  1.000E+00  4.540E+04  1.936E-04  1.924E-11  4.424E-05
 1.000E+00
 1.984E+24  2.985E-07  1.000E+00  4.259E+04  1.936E-04  4.106E-11  6.611E-05
 9.999E-01
 2.425E+24  3.841E-07  1.000E+00  4.010E+04  1.936E-04  6.532E-11  8.452E-05
 9.999E-01
 2.866E+24  4.457E-07  1.000E+00  3.795E+04  1.936E-04  8.555E-11  9.751E-05
 9.999E-01
 3.306E+24  4.292E-07  1.000E+00  4.053E+04  1.936E-04  8.216E-11  9.465E-05
 9.999E-01
 3.747E+24  4.399E-07  1.000E+00  3.797E+04  1.936E-04  8.332E-11  9.622E-05
 9.999E-01
 4.188E+24  3.749E-07  1.000E+00  4.012E+04  1.936E-04  6.226E-11  8.250E-05
 9.999E-01
 4.629E+24  2.898E-07  1.000E+00  4.262E+04  1.936E-04  3.871E-11  6.417E-05
 9.999E-01
 5.070E+24  1.931E-07  1.000E+00  4.542E+04  1.936E-04  1.819E-11  4.301E-05
 1.000E+00
 5.511E+24  9.791E-08  1.000E+00  4.888E+04  1.936E-04  5.152E-12  2.196E-05
 1.000E+00
 5.952E+24  2.829E-08  1.000E+00  5.128E+04  1.936E-04  1.000E-12  6.373E-06
 1.000E+00
 6.392E+24  4.587E-09  1.000E+00  4.847E+04  1.936E-04  1.000E-12  1.026E-06
 1.000E+00
 6.833E+24  2.830E-08  1.000E+00  5.128E+04  1.936E-04  1.000E-12  6.375E-06
 1.000E+00
 7.274E+24  9.812E-08  1.000E+00  4.888E+04  1.936E-04  5.175E-12  2.201E-05
 1.000E+00
 7.715E+24  1.944E-07  1.000E+00  4.541E+04  1.936E-04  1.844E-11  4.331E-05
 1.000E+00
 8.156E+24  2.941E-07  1.000E+00  4.260E+04  1.936E-04  3.985E-11  6.512E-05
 9.999E-01
 8.597E+24  3.849E-07  1.000E+00  4.007E+04  1.936E-04  6.558E-11  8.469E-05
 9.999E-01
 9.038E+24  4.610E-07  1.000E+00  3.770E+04  1.936E-04  9.125E-11  1.008E-04
 9.999E-01
 9.478E+24  4.845E-07  1.000E+00  3.809E+04  1.936E-04  1.014E-10  1.061E-04
 9.999E-01
 9.919E+24  4.958E-07  1.000E+00  3.747E+04  1.936E-04  1.053E-10  1.084E-04
 9.999E-01
 1.036E+25  4.712E-07  1.000E+00  3.768E+04  1.936E-04  9.530E-11  1.030E-04
 9.999E-01
 1.080E+25  3.976E-07  1.000E+00  4.003E+04  1.936E-04  6.997E-11  8.751E-05
 9.999E-01
 1.124E+25  3.053E-07  1.000E+00  4.257E+04  1.936E-04  4.291E-11  6.759E-05
 9.999E-01
 1.168E+25  2.011E-07  1.000E+00  4.539E+04  1.936E-04  1.973E-11  4.480E-05
 1.000E+00
 1.212E+25  1.004E-07  1.000E+00  4.886E+04  1.936E-04  5.413E-12  2.252E-05
 1.000E+00
 1.256E+25  2.854E-08  1.000E+00  5.127E+04  1.936E-04  1.000E-12  6.428E-06
 1.000E+00
 1.301E+25  4.594E-09  1.000E+00  4.847E+04  1.936E-04  1.000E-12  1.028E-06
 1.000E+00
