 2.204E+23  4.527E-09  1.000E+00  4.955E+04  1.936E-04  1.000E-12  1.014E-06
 1.000E+00
 6.613E+23  2.808E-08  1.000E+00  5.244E+04  1.936E-04  1.000E-12  6.342E-06
 1.000E+00
 1.102E+24  9.836E-08  1.000E+00  4.996E+04  1.936E-04  5.351E-12  2.217E-05
 1.000E+00
 1.543E+24  1.952E-07  1.000E+00  4.640E+04  1.936E-04  1.908E-11  4.380E-05
 1.000E+00
 1.984E+24  2.944E-07  1.000E+00  4.351E+04  1.936E-04  4.073E-11  6.582E-05
 9.999E-01
 2.425E+24  3.787E-07  1.000E+00  4.094E+04  1.936E-04  6.470E-11  8.428E-05
 9.999E-01
 2.866E+24  4.398E-07  1.000E+00  3.873E+04  1.936E-04  8.477E-11  9.739E-05
 9.999E-01
 3.306E+24  4.225E-07  1.000E+00  4.139E+04  1.936E-04  8.134E-11  9.436E-05
 9.999E-01
 3.747E+24  4.340E-07  1.000E+00  3.875E+04  1.936E-04  8.255E-11  9.610E-05
 9.999E-01
 4.188E+24  3.698E-07  1.000E+00  4.097E+04  1.936E-04  6.169E-11  8.228E-05
 9.999E-01
 4.629E+24  2.859E-07  1.000E+00  4.354E+04  1.936E-04  3.841E-11  6.389E-05
 9.999E-01
 5.070E+24  1.898E-07  1.000E+00  4.642E+04  1.936E-04  1.804E-11  4.259E-05
 1.000E+00
 5.511E+24  9.644E-08  1.000E+00  4.998E+04  1.936E-04  5.149E-12  2.174E-05
 1.000E+00
 5.952E+24  2.788E-08  1.000E+00  5.244E+04  1.936E-04  1.000E-12  6.298E-06
 1.000E+00
 6.392E+24  4.521E-09  1.000E+00  4.955E+04  1.936E-04  1.000E-12  1.013E-06
 1.000E+00
 6.833E+24  2.789E-08  1.000E+00  5.244E+04  1.936E-04  1.000E-12  6.300E-06
 1.000E+00
 7.274E+24  9.669E-08  1.000E+00  4.998E+04  1.936E-04  5.173E-12  2.179E-05
 1.000E+00
 7.715E+24  1.911E-07  1.000E+00  4.642E+04  1.936E-04  1.829E-11  4.289E-05
 1.000E+00
 8.156E+24  2.901E-07  1.000E+00  4.352E+04  1.936E-04  3.954E-11  6.484E-05
 9.999E-01
 8.597E+24  3.795E-07  1.000E+00  4.092E+04  1.936E-04  6.497E-11  8.447E-05
 9.999E-01
 9.038E+24  4.545E-07  1.000E+00  3.848E+04  1.936E-04  9.029E-11  1.006E-04
 9.999E-01
 9.478E+24  4.778E-07  1.000E+00  3.888E+04  1.936E-04  1.004E-10  1.060E-04
 9.999E-01
 9.919E+24  4.893E-07  1.000E+00  3.823E+04  1.936E-04  1.044E-10  1.083E-04
 9.999E-01
 1.036E+25  4.645E-07  1.000E+00  3.845E+04  1.936E-04  9.431E-11  1.028E-04
 9.999E-01
 1.080E+25  3.921E-07  1.000E+00  4.088E+04  1.936E-04  6.930E-11  8.726E-05
 9.999E-01
 1.124E+25  3.009E-07  1.000E+00  4.349E+04  1.936E-04  4.255E-11  6.728E-05
 9.999E-01
 1.168E+25  1.976E-07  1.000E+00  4.639E+04  1.936E-04  1.956E-11  4.435E-05
 1.000E+00
 1.212E+25  9.891E-08  1.000E+00  4.995E+04  1.936E-04  5.410E-12  2.229E-05
 1.000E+00
 1.256E+25  2.812E-08  1.000E+00  5.243E+04  1.936E-04  1.000E-12  6.351E-06
 1.000E+00
 1.301E+25  4.528E-09  1.000E+00  4.955E+04  1.936E-04  1.000E-12  1.015E-06
 1.000E+00
