 2.204E+23  4.982E-09  1.000E+00  4.458E+04  1.936E-04  1.000E-12  1.104E-06
 1.000E+00
 6.613E+23  3.096E-08  1.000E+00  4.710E+04  1.936E-04  1.000E-12  6.906E-06
 1.000E+00
 1.102E+24  1.084E-07  1.000E+00  4.493E+04  1.936E-04  5.647E-12  2.406E-05
 1.000E+00
 1.543E+24  2.151E-07  1.000E+00  4.183E+04  1.936E-04  2.098E-11  4.745E-05
 1.000E+00
 1.984E+24  3.227E-07  1.000E+00  3.931E+04  1.936E-04  4.554E-11  7.077E-05
 9.999E-01
 2.425E+24  4.140E-07  1.000E+00  3.708E+04  1.936E-04  7.303E-11  9.031E-05
 9.999E-01
 2.866E+24  4.796E-07  1.000E+00  3.517E+04  1.936E-04  9.595E-11  1.040E-04
 9.999E-01
 3.306E+24  4.630E-07  1.000E+00  3.746E+04  1.936E-04  9.179E-11  1.012E-04
 9.999E-01
 3.747E+24  4.731E-07  1.000E+00  3.518E+04  1.936E-04  9.343E-11  1.026E-04
 9.999E-01
 4.188E+24  4.043E-07  1.000E+00  3.711E+04  1.936E-04  6.961E-11  8.815E-05
 9.999E-01
 4.629E+24  3.132E-07  1.000E+00  3.934E+04  1.936E-04  4.292E-11  6.870E-05
 9.999E-01
 5.070E+24  2.091E-07  1.000E+00  4.184E+04  1.936E-04  1.983E-11  4.612E-05
 1.000E+00
 5.511E+24  1.062E-07  1.000E+00  4.495E+04  1.936E-04  5.433E-12  2.360E-05
 1.000E+00
 5.952E+24  3.074E-08  1.000E+00  4.711E+04  1.936E-04  1.000E-12  6.856E-06
 1.000E+00
 6.392E+24  4.976E-09  1.000E+00  4.458E+04  1.936E-04  1.000E-12  1.102E-06
 1.000E+00
 6.833E+24  3.075E-08  1.000E+00  4.711E+04  1.936E-04  1.000E-12  6.858E-06
 1.000E+00
 7.274E+24  1.065E-07  1.000E+00  4.495E+04  1.936E-04  5.459E-12  2.365E-05
 1.000E+00
 7.715E+24  2.106E-07  1.000E+00  4.184E+04  1.936E-04  2.011E-11  4.645E-05
 1.000E+00
 8.156E+24  3.179E-07  1.000E+00  3.932E+04  1.936E-04  4.420E-11  6.972E-05
 9.999E-01
 8.597E+24  4.151E-07  1.000E+00  3.706E+04  1.936E-04  7.334E-11  9.049E-05
 9.999E-01
 9.038E+24  4.956E-07  1.000E+00  3.495E+04  1.936E-04  1.023E-10  1.075E-04
 9.999E-01
 9.478E+24  5.213E-07  1.000E+00  3.529E+04  1.936E-04  1.136E-10  1.132E-04
 9.999E-01
 9.919E+24  5.333E-07  1.000E+00  3.474E+04  1.936E-04  1.182E-10  1.156E-04
 9.999E-01
 1.036E+25  5.066E-07  1.000E+00  3.492E+04  1.936E-04  1.069E-10  1.098E-04
 9.999E-01
 1.080E+25  4.288E-07  1.000E+00  3.702E+04  1.936E-04  7.826E-11  9.350E-05
 9.999E-01
 1.124E+25  3.299E-07  1.000E+00  3.929E+04  1.936E-04  4.759E-11  7.236E-05
 9.999E-01
 1.168E+25  2.178E-07  1.000E+00  4.182E+04  1.936E-04  2.151E-11  4.805E-05
 1.000E+00
 1.212E+25  1.090E-07  1.000E+00  4.493E+04  1.936E-04  5.712E-12  2.420E-05
 1.000E+00
 1.256E+25  3.101E-08  1.000E+00  4.710E+04  1.936E-04  1.000E-12  6.915E-06
 1.000E+00
 1.301E+25  4.984E-09  1.000E+00  4.458E+04  1.936E-04  1.000E-12  1.104E-06
 1.000E+00
