 2.204E+23  4.789E-09  1.000E+00  4.644E+04  1.936E-04  1.000E-12  1.066E-06
 1.000E+00
 6.613E+23  2.974E-08  1.000E+00  4.910E+04  1.936E-04  1.000E-12  6.664E-06
 1.000E+00
 1.102E+24  1.041E-07  1.000E+00  4.681E+04  1.936E-04  5.468E-12  2.323E-05
 1.000E+00
 1.543E+24  2.069E-07  1.000E+00  4.353E+04  1.936E-04  2.003E-11  4.585E-05
 1.000E+00
 1.984E+24  3.107E-07  1.000E+00  4.088E+04  1.936E-04  4.319E-11  6.846E-05
 9.999E-01
 2.425E+24  3.993E-07  1.000E+00  3.852E+04  1.936E-04  6.908E-11  8.744E-05
 9.999E-01
 2.866E+24  4.628E-07  1.000E+00  3.649E+04  1.936E-04  9.068E-11  1.008E-04
 9.999E-01
 3.306E+24  4.463E-07  1.000E+00  3.892E+04  1.936E-04  8.684E-11  9.794E-05
 9.999E-01
 3.747E+24  4.567E-07  1.000E+00  3.651E+04  1.936E-04  8.830E-11  9.945E-05
 9.999E-01
 4.188E+24  3.898E-07  1.000E+00  3.854E+04  1.936E-04  6.584E-11  8.536E-05
 9.999E-01
 4.629E+24  3.017E-07  1.000E+00  4.090E+04  1.936E-04  4.072E-11  6.645E-05
 9.999E-01
 5.070E+24  2.011E-07  1.000E+00  4.355E+04  1.936E-04  1.894E-11  4.458E-05
 1.000E+00
 5.511E+24  1.021E-07  1.000E+00  4.683E+04  1.936E-04  5.261E-12  2.279E-05
 1.000E+00
 5.952E+24  2.952E-08  1.000E+00  4.910E+04  1.936E-04  1.000E-12  6.616E-06
 1.000E+00
 6.392E+24  4.782E-09  1.000E+00  4.644E+04  1.936E-04  1.000E-12  1.064E-06
 1.000E+00
 6.833E+24  2.953E-08  1.000E+00  4.910E+04  1.936E-04  1.000E-12  6.619E-06
 1.000E+00
 7.274E+24  1.023E-07  1.000E+00  4.683E+04  1.936E-04  5.285E-12  2.284E-05
 1.000E+00
 7.715E+24  2.025E-07  1.000E+00  4.355E+04  1.936E-04  1.920E-11  4.489E-05
 1.000E+00
 8.156E+24  3.062E-07  1.000E+00  4.089E+04  1.936E-04  4.193E-11  6.744E-05
 9.999E-01
 8.597E+24  4.001E-07  1.000E+00  3.850E+04  1.936E-04  6.936E-11  8.763E-05
 9.999E-01
 9.038E+24  4.786E-07  1.000E+00  3.626E+04  1.936E-04  9.673E-11  1.042E-04
 9.999E-01
 9.478E+24  5.032E-07  1.000E+00  3.662E+04  1.936E-04  1.074E-10  1.097E-04
 9.999E-01
 9.919E+24  5.146E-07  1.000E+00  3.603E+04  1.936E-04  1.117E-10  1.120E-04
 9.999E-01
 1.036E+25  4.892E-07  1.000E+00  3.623E+04  1.936E-04  1.010E-10  1.065E-04
 9.999E-01
 1.080E+25  4.134E-07  1.000E+00  3.846E+04  1.936E-04  7.400E-11  9.053E-05
 9.999E-01
 1.124E+25  3.177E-07  1.000E+00  4.085E+04  1.936E-04  4.515E-11  7.000E-05
 9.999E-01
 1.168E+25  2.095E-07  1.000E+00  4.352E+04  1.936E-04  2.054E-11  4.644E-05
 1.000E+00
 1.212E+25  1.047E-07  1.000E+00  4.681E+04  1.936E-04  5.530E-12  2.337E-05
 1.000E+00
 1.256E+25  2.977E-08  1.000E+00  4.909E+04  1.936E-04  1.000E-12  6.674E-06
 1.000E+00
 1.301E+25  4.789E-09  1.000E+00  4.644E+04  1.936E-04  1.000E-12  1.066E-06
 1.000E+00
