 2.204E+23  4.886E-09  1.000E+00  4.549E+04  1.936E-04  1.000E-12  1.085E-06
 1.000E+00
 6.613E+23  3.035E-08  1.000E+00  4.808E+04  1.936E-04  1.000E-12  6.785E-06
 1.000E+00
 1.102E+24  1.062E-07  1.000E+00  4.585E+04  1.936E-04  5.551E-12  2.365E-05
 1.000E+00
 1.543E+24  2.110E-07  1.000E+00  4.266E+04  1.936E-04  2.049E-11  4.665E-05
 1.000E+00
 1.984E+24  3.167E-07  1.000E+00  4.008E+04  1.936E-04  4.435E-11  6.962E-05
 9.999E-01
 2.425E+24  4.067E-07  1.000E+00  3.778E+04  1.936E-04  7.103E-11  8.888E-05
 9.999E-01
 2.866E+24  4.712E-07  1.000E+00  3.581E+04  1.936E-04  9.331E-11  1.024E-04
 9.999E-01
 3.306E+24  4.547E-07  1.000E+00  3.818E+04  1.936E-04  8.929E-11  9.957E-05
 9.999E-01
 3.747E+24  4.650E-07  1.000E+00  3.583E+04  1.936E-04  9.085E-11  1.010E-04
 9.999E-01
 4.188E+24  3.971E-07  1.000E+00  3.781E+04  1.936E-04  6.771E-11  8.676E-05
 9.999E-01
 4.629E+24  3.075E-07  1.000E+00  4.010E+04  1.936E-04  4.180E-11  6.758E-05
 9.999E-01
 5.070E+24  2.051E-07  1.000E+00  4.268E+04  1.936E-04  1.937E-11  4.536E-05
 1.000E+00
 5.511E+24  1.042E-07  1.000E+00  4.587E+04  1.936E-04  5.341E-12  2.319E-05
 1.000E+00
 5.952E+24  3.014E-08  1.000E+00  4.808E+04  1.936E-04  1.000E-12  6.736E-06
 1.000E+00
 6.392E+24  4.879E-09  1.000E+00  4.549E+04  1.936E-04  1.000E-12  1.083E-06
 1.000E+00
 6.833E+24  3.015E-08  1.000E+00  4.808E+04  1.936E-04  1.000E-12  6.738E-06
 1.000E+00
 7.274E+24  1.044E-07  1.000E+00  4.587E+04  1.936E-04  5.366E-12  2.325E-05
 1.000E+00
 7.715E+24  2.066E-07  1.000E+00  4.267E+04  1.936E-04  1.964E-11  4.567E-05
 1.000E+00
 8.156E+24  3.120E-07  1.000E+00  4.008E+04  1.936E-04  4.304E-11  6.858E-05
 9.999E-01
 8.597E+24  4.076E-07  1.000E+00  3.776E+04  1.936E-04  7.133E-11  8.908E-05
 9.999E-01
 9.038E+24  4.872E-07  1.000E+00  3.559E+04  1.936E-04  9.951E-11  1.058E-04
 9.999E-01
 9.478E+24  5.123E-07  1.000E+00  3.594E+04  1.936E-04  1.105E-10  1.115E-04
 9.999E-01
 9.919E+24  5.241E-07  1.000E+00  3.537E+04  1.936E-04  1.149E-10  1.138E-04
 9.999E-01
 1.036E+25  4.979E-07  1.000E+00  3.556E+04  1.936E-04  1.039E-10  1.082E-04
 9.999E-01
 1.080E+25  4.210E-07  1.000E+00  3.772E+04  1.936E-04  7.611E-11  9.203E-05
 9.999E-01
 1.124E+25  3.239E-07  1.000E+00  4.005E+04  1.936E-04  4.635E-11  7.119E-05
 9.999E-01
 1.168E+25  2.137E-07  1.000E+00  4.265E+04  1.936E-04  2.101E-11  4.725E-05
 1.000E+00
 1.212E+25  1.068E-07  1.000E+00  4.585E+04  1.936E-04  5.614E-12  2.379E-05
 1.000E+00
 1.256E+25  3.039E-08  1.000E+00  4.808E+04  1.936E-04  1.000E-12  6.795E-06
 1.000E+00
 1.301E+25  4.887E-09  1.000E+00  4.549E+04  1.936E-04  1.000E-12  1.085E-06
 1.000E+00
